unique_table_name,unique_counter_name,vendor,counter_name,table_name,table_id,counter_id,counter_name_alias,counter_description,counter_unit,aggregation,enabled,enable_for_parser_module,mapped_object_id,tables_in_database,mapped_object_name,is_archived,busy_hour_aggregation,busy_hour_formula,busy_hour_column,aggregation_in_upper,Tech,MO Class,Size,suffex
3G_IubEdch_V,3G_IubEdch_V_pmEdchDataFrameDelayIub,ericsson,pmEdchDataFrameDelayIub,IubEdch_V,20000159,20001971,pmEdchDataFrameDelayIub,,#,sum,1.0,1.0,1402.0,,RNCIubEdch_V,,,,,SUM,3G,,,
3G_IubEdch,3G_IubEdch_pmEdchDataFramesLost,ericsson,pmEdchDataFramesLost,IubEdch,20000158,20001969,pmEdchDataFramesLost,,#,sum,1.0,1.0,1402.0,,RNCIubEdch,,,,,SUM,3G,,,
3G_IubEdch,3G_IubEdch_pmEdchDataFramesReceived,ericsson,pmEdchDataFramesReceived,IubEdch,20000158,20001970,pmEdchDataFramesReceived,,#,sum,1.0,1.0,1402.0,,RNCIubEdch,,,,,SUM,3G,,,
3G_IubLink,3G_IubLink_pmDchFramesOutOfSequenceUl,ericsson,pmDchFramesOutOfSequenceUl,IubLink,20000160,20001972,pmDchFramesOutOfSequenceUl,,#,sum,1.0,1.0,1402.0,,RNCIubLink,,,,,SUM,3G,,,
3G_IubLink_V,3G_IubLink_V_pmDlCredits,ericsson,pmDlCredits,IubLink_V,20000161,20001985,pmDlCredits,,#,sum,1.0,1.0,1402.0,,RNCIubLink_V,,,,,SUM,3G,,,
3G_IubLink,3G_IubLink_pmHsSevereCong,ericsson,pmHsSevereCong,IubLink,20000160,20001973,pmHsSevereCong,,#,sum,1.0,1.0,1402.0,,RNCIubLink,,,,,SUM,3G,,,
3G_IubLink,3G_IubLink_pmNoOfDiscardedNbapcMessages,ericsson,pmNoOfDiscardedNbapcMessages,IubLink,20000160,20001974,pmNoOfDiscardedNbapcMessages,,#,sum,1.0,1.0,1402.0,,RNCIubLink,,,,,SUM,3G,,,
3G_IubLink,3G_IubLink_pmSamplesDlCredits,ericsson,pmSamplesDlCredits,IubLink,20000160,20001975,pmSamplesDlCredits,,#,sum,1.0,1.0,1402.0,,RNCIubLink,,,,,SUM,3G,,,
3G_IubLink,3G_IubLink_pmSamplesUlCredits,ericsson,pmSamplesUlCredits,IubLink,20000160,20001976,pmSamplesUlCredits,,#,sum,1.0,1.0,1402.0,,RNCIubLink,,,,,SUM,3G,,,
3G_IubLink,3G_IubLink_pmSoftCongGbrBwDl,ericsson,pmSoftCongGbrBwDl,IubLink,20000160,20001977,pmSoftCongGbrBwDl,,%,sum,1.0,1.0,1402.0,,RNCIubLink,,,,,SUM,3G,,,
3G_IubLink,3G_IubLink_pmSoftCongGbrBwUl,ericsson,pmSoftCongGbrBwUl,IubLink,20000160,20001978,pmSoftCongGbrBwUl,,%,sum,1.0,1.0,1402.0,,RNCIubLink,,,,,SUM,3G,,,
3G_IubLink,3G_IubLink_pmSumDlCredits,ericsson,pmSumDlCredits,IubLink,20000160,20001979,pmSumDlCredits,,#,sum,1.0,1.0,1402.0,,RNCIubLink,,,,,SUM,3G,,,
3G_IubLink,3G_IubLink_pmSumSqrDlCredits,ericsson,pmSumSqrDlCredits,IubLink,20000160,20001980,pmSumSqrDlCredits,,#,sum,1.0,1.0,1402.0,,RNCIubLink,,,,,SUM,3G,,,
3G_IubLink,3G_IubLink_pmSumSqrUlCredits,ericsson,pmSumSqrUlCredits,IubLink,20000160,20001981,pmSumSqrUlCredits,,#,sum,1.0,1.0,1402.0,,RNCIubLink,,,,,SUM,3G,,,
3G_IubLink,3G_IubLink_pmSumUlCredits,ericsson,pmSumUlCredits,IubLink,20000160,20001982,pmSumUlCredits,,#,sum,1.0,1.0,1402.0,,RNCIubLink,,,,,SUM,3G,,,
3G_IubLink,3G_IubLink_pmTotalTimeIubLinkCongestedDl,ericsson,pmTotalTimeIubLinkCongestedDl,IubLink,20000160,20001983,pmTotalTimeIubLinkCongestedDl,,sec,sum,1.0,1.0,1402.0,,RNCIubLink,,,,,SUM,3G,,,
3G_IubLink,3G_IubLink_pmTotalTimeIubLinkUnavail,ericsson,pmTotalTimeIubLinkUnavail,IubLink,20000160,20001984,pmTotalTimeIubLinkUnavail,,sec,sum,1.0,1.0,1402.0,,RNCIubLink,,,,,SUM,3G,,,
3G_IubLink_V,3G_IubLink_V_pmUlCredits,ericsson,pmUlCredits,IubLink_V,20000161,20001988,pmUlCredits,,#,sum,1.0,1.0,1402.0,,RNCIubLink_V,,,,,SUM,3G,,,
3G_IuLink,3G_IuLink_pmInFrames,ericsson,pmInFrames,IuLink,20000162,20001989,pmInFrames,,#,sum,1.0,1.0,1402.0,,RNCIuLink,,,,,SUM,3G,,,
3G_IuLink,3G_IuLink_pmInLostFrames,ericsson,pmInLostFrames,IuLink,20000162,20001990,pmInLostFrames,,#,sum,1.0,1.0,1402.0,,RNCIuLink,,,,,SUM,3G,,,
3G_IuLink,3G_IuLink_pmInOutOfSequenceFrames,ericsson,pmInOutOfSequenceFrames,IuLink,20000162,20001991,pmInOutOfSequenceFrames,,#,sum,1.0,1.0,1402.0,,RNCIuLink,,,,,SUM,3G,,,
3G_IuLink,3G_IuLink_pmMocnNwFailReceived,ericsson,pmMocnNwFailReceived,IuLink,20000162,20001992,pmMocnNwFailReceived,,#,sum,1.0,1.0,1402.0,,RNCIuLink,,,,,SUM,3G,,,
3G_IuLink,3G_IuLink_pmOutFrames,ericsson,pmOutFrames,IuLink,20000162,20001993,pmOutFrames,,#,sum,1.0,1.0,1402.0,,RNCIuLink,,,,,SUM,3G,,,
3G_IurLink,3G_IurLink_pmCallReestAttCsNwInit,ericsson,pmCallReestAttCsNwInit,IurLink,20000163,20001994,pmCallReestAttCsNwInit,,#,sum,1.0,1.0,1402.0,,RNCIurLink,,,,,SUM,3G,,,
3G_IurLink,3G_IurLink_pmCallReestReqCsNwInit,ericsson,pmCallReestReqCsNwInit,IurLink,20000163,20001995,pmCallReestReqCsNwInit,,#,sum,1.0,1.0,1402.0,,RNCIurLink,,,,,SUM,3G,,,
3G_IurLink,3G_IurLink_pmDchFramesOutOfSequenceUl,ericsson,pmDchFramesOutOfSequenceUl,IurLink,20000163,20001996,pmDchFramesOutOfSequenceUl,,#,sum,1.0,1.0,1402.0,,RNCIurLink,,,,,SUM,3G,,,
3G_IurLink_V,3G_IurLink_V_pmEdchDataFrameDelayIub,ericsson,pmEdchDataFrameDelayIub,IurLink_V,20000164,20002018,pmEdchDataFrameDelayIub,,msec,sum,1.0,1.0,1402.0,,RNCIurLink_V,,,,,SUM,3G,,,
3G_IurLink,3G_IurLink_pmEdchDataFramesLost,ericsson,pmEdchDataFramesLost,IurLink,20000163,20001997,pmEdchDataFramesLost,,#,sum,1.0,1.0,1402.0,,RNCIurLink,,,,,SUM,3G,,,
3G_IurLink,3G_IurLink_pmEdchDataFramesReceived,ericsson,pmEdchDataFramesReceived,IurLink,20000163,20001998,pmEdchDataFramesReceived,,#,sum,1.0,1.0,1402.0,,RNCIurLink,,,,,SUM,3G,,,
3G_IurLink,3G_IurLink_pmHsSevereCong,ericsson,pmHsSevereCong,IurLink,20000163,20001999,pmHsSevereCong,,#,sum,1.0,1.0,1402.0,,RNCIurLink,,,,,SUM,3G,,,
3G_IurLink,3G_IurLink_pmNoAttIncCnhhoCsNonSpeech,ericsson,pmNoAttIncCnhhoCsNonSpeech,IurLink,20000163,20002000,pmNoAttIncCnhhoCsNonSpeech,,#,sum,1.0,1.0,1402.0,,RNCIurLink,,,,,SUM,3G,,,
3G_IurLink,3G_IurLink_pmNoAttIncCnhhoSpeech,ericsson,pmNoAttIncCnhhoSpeech,IurLink,20000163,20002001,pmNoAttIncCnhhoSpeech,,#,sum,1.0,1.0,1402.0,,RNCIurLink,,,,,SUM,3G,,,
3G_IurLink,3G_IurLink_pmNoNormalRabReleaseCs64,ericsson,pmNoNormalRabReleaseCs64,IurLink,20000163,20002002,pmNoNormalRabReleaseCs64,,#,sum,1.0,1.0,1402.0,,RNCIurLink,,,,,SUM,3G,,,
3G_IurLink,3G_IurLink_pmNoNormalRabReleaseCsStream,ericsson,pmNoNormalRabReleaseCsStream,IurLink,20000163,20002003,pmNoNormalRabReleaseCsStream,,#,sum,1.0,1.0,1402.0,,RNCIurLink,,,,,SUM,3G,,,
3G_IurLink,3G_IurLink_pmNoNormalRabReleasePacket,ericsson,pmNoNormalRabReleasePacket,IurLink,20000163,20002004,pmNoNormalRabReleasePacket,,#,sum,1.0,1.0,1402.0,,RNCIurLink,,,,,SUM,3G,,,
3G_IurLink,3G_IurLink_pmNoNormalRabReleaseSpeech,ericsson,pmNoNormalRabReleaseSpeech,IurLink,20000163,20002006,pmNoNormalRabReleaseSpeech,,#,sum,1.0,1.0,1402.0,,RNCIurLink,,,,,SUM,3G,,,
3G_IurLink,3G_IurLink_pmNoOfRlForDriftingUesPerDrnc,ericsson,pmNoOfRlForDriftingUesPerDrnc,IurLink,20000163,20002007,pmNoOfRlForDriftingUesPerDrnc,,#,avg,1.0,1.0,1402.0,,RNCIurLink,,,,,AVG,3G,,,
3G_IurLink,3G_IurLink_pmNoSuccIncCnhhoCsNonSpeech,ericsson,pmNoSuccIncCnhhoCsNonSpeech,IurLink,20000163,20002008,pmNoSuccIncCnhhoCsNonSpeech,,#,sum,1.0,1.0,1402.0,,RNCIurLink,,,,,SUM,3G,,,
3G_IurLink,3G_IurLink_pmNoSuccIncCnhhoSpeech,ericsson,pmNoSuccIncCnhhoSpeech,IurLink,20000163,20002009,pmNoSuccIncCnhhoSpeech,,#,sum,1.0,1.0,1402.0,,RNCIurLink,,,,,SUM,3G,,,
3G_IurLink,3G_IurLink_pmNoSystemRabReleaseCs64,ericsson,pmNoSystemRabReleaseCs64,IurLink,20000163,20002010,pmNoSystemRabReleaseCs64,,#,sum,1.0,1.0,1402.0,,RNCIurLink,,,,,SUM,3G,,,
3G_IurLink,3G_IurLink_pmNoSystemRabReleaseCsStream,ericsson,pmNoSystemRabReleaseCsStream,IurLink,20000163,20002011,pmNoSystemRabReleaseCsStream,,#,sum,1.0,1.0,1402.0,,RNCIurLink,,,,,SUM,3G,,,
3G_IurLink,3G_IurLink_pmNoSystemRabReleasePacket,ericsson,pmNoSystemRabReleasePacket,IurLink,20000163,20002012,pmNoSystemRabReleasePacket,,#,sum,1.0,1.0,1402.0,,RNCIurLink,,,,,SUM,3G,,,
3G_IurLink,3G_IurLink_pmNoSystemRabReleaseSpeech,ericsson,pmNoSystemRabReleaseSpeech,IurLink,20000163,20002014,pmNoSystemRabReleaseSpeech,,#,sum,1.0,1.0,1402.0,,RNCIurLink,,,,,SUM,3G,,,
3G_IurLink,3G_IurLink_pmRedirAttRwrEutraCcTrigg,ericsson,pmRedirAttRwrEutraCcTrigg,IurLink,20000163,20002015,pmRedirAttRwrEutraCcTrigg,,#,sum,1.0,1.0,1402.0,,RNCIurLink,,,,,SUM,3G,,,
3G_IurLink,3G_IurLink_pmRedirectAttemptsEutra,ericsson,pmRedirectAttemptsEutra,IurLink,20000163,20002016,pmRedirectAttemptsEutra,,#,sum,1.0,1.0,1402.0,,RNCIurLink,,,,,SUM,3G,,,
3G_IurLink,3G_IurLink_pmRedirRwrEutraCcAcc,ericsson,pmRedirRwrEutraCcAcc,IurLink,20000163,20002017,pmRedirRwrEutraCcAcc,,#,sum,1.0,1.0,1402.0,,RNCIurLink,,,,,SUM,3G,,,
3G_J1PhysPathTerm,3G_J1PhysPathTerm_pmEs,ericsson,pmEs,J1PhysPathTerm,20000054,20000995,pmEs,,sec,sum,1.0,1.0,1402.0,,RNCJ1PhysPathTerm,,,,,SUM,3G,,,
3G_J1PhysPathTerm,3G_J1PhysPathTerm_pmSes,ericsson,pmSes,J1PhysPathTerm,20000054,20000996,pmSes,,sec,sum,1.0,1.0,1402.0,,RNCJ1PhysPathTerm,,,,,SUM,3G,,,
3G_J1PhysPathTerm,3G_J1PhysPathTerm_pmUas,ericsson,pmUas,J1PhysPathTerm,20000054,20000997,pmUas,,sec,sum,1.0,1.0,1402.0,,RNCJ1PhysPathTerm,,,,,SUM,3G,,,
3G_LoadControl,3G_LoadControl_pmAdmittedRequestsB0,ericsson,pmAdmittedRequestsB0,LoadControl,20000166,20002022,pmAdmittedRequestsB0,,#,sum,1.0,1.0,1402.0,,RNCLoadControl,,,,,SUM,3G,,,
3G_LoadControl,3G_LoadControl_pmAdmittedRequestsB1,ericsson,pmAdmittedRequestsB1,LoadControl,20000166,20002023,pmAdmittedRequestsB1,,#,sum,1.0,1.0,1402.0,,RNCLoadControl,,,,,SUM,3G,,,
3G_LoadControl,3G_LoadControl_pmAdmittedRequestsF0,ericsson,pmAdmittedRequestsF0,LoadControl,20000166,20002024,pmAdmittedRequestsF0,,#,sum,1.0,1.0,1402.0,,RNCLoadControl,,,,,SUM,3G,,,
3G_LoadControl,3G_LoadControl_pmAdmittedRequestsF1,ericsson,pmAdmittedRequestsF1,LoadControl,20000166,20002025,pmAdmittedRequestsF1,,#,sum,1.0,1.0,1402.0,,RNCLoadControl,,,,,SUM,3G,,,
3G_LoadControl,3G_LoadControl_pmAdmittedRequestsF2,ericsson,pmAdmittedRequestsF2,LoadControl,20000166,20002026,pmAdmittedRequestsF2,,#,sum,1.0,1.0,1402.0,,RNCLoadControl,,,,,SUM,3G,,,
3G_LoadControl,3G_LoadControl_pmAdmittedRequestsF3,ericsson,pmAdmittedRequestsF3,LoadControl,20000166,20002027,pmAdmittedRequestsF3,,#,sum,1.0,1.0,1402.0,,RNCLoadControl,,,,,SUM,3G,,,
3G_LoadControl,3G_LoadControl_pmAdmittedRequestsF4,ericsson,pmAdmittedRequestsF4,LoadControl,20000166,20002028,pmAdmittedRequestsF4,,#,sum,1.0,1.0,1402.0,,RNCLoadControl,,,,,SUM,3G,,,
3G_LoadControl_V,3G_LoadControl_V_pmMeasuredLoad,ericsson,pmMeasuredLoad,LoadControl_V,20000167,20002039,pmMeasuredLoad,,#,sum,1.0,1.0,1402.0,,RNCLoadControl_V,,,,,SUM,3G,,,
3G_LoadControl,3G_LoadControl_pmRefusedRequestsB0,ericsson,pmRefusedRequestsB0,LoadControl,20000166,20002029,pmRefusedRequestsB0,,#,sum,1.0,1.0,1402.0,,RNCLoadControl,,,,,SUM,3G,,,
3G_LoadControl,3G_LoadControl_pmRefusedRequestsB1,ericsson,pmRefusedRequestsB1,LoadControl,20000166,20002030,pmRefusedRequestsB1,,#,sum,1.0,1.0,1402.0,,RNCLoadControl,,,,,SUM,3G,,,
3G_LoadControl,3G_LoadControl_pmRefusedRequestsF0,ericsson,pmRefusedRequestsF0,LoadControl,20000166,20002031,pmRefusedRequestsF0,,#,sum,1.0,1.0,1402.0,,RNCLoadControl,,,,,SUM,3G,,,
3G_LoadControl,3G_LoadControl_pmRefusedRequestsF1,ericsson,pmRefusedRequestsF1,LoadControl,20000166,20002032,pmRefusedRequestsF1,,#,sum,1.0,1.0,1402.0,,RNCLoadControl,,,,,SUM,3G,,,
3G_LoadControl,3G_LoadControl_pmRefusedRequestsF2,ericsson,pmRefusedRequestsF2,LoadControl,20000166,20002033,pmRefusedRequestsF2,,#,sum,1.0,1.0,1402.0,,RNCLoadControl,,,,,SUM,3G,,,
3G_LoadControl,3G_LoadControl_pmRefusedRequestsF3,ericsson,pmRefusedRequestsF3,LoadControl,20000166,20002034,pmRefusedRequestsF3,,#,sum,1.0,1.0,1402.0,,RNCLoadControl,,,,,SUM,3G,,,
3G_LoadControl,3G_LoadControl_pmRefusedRequestsF4,ericsson,pmRefusedRequestsF4,LoadControl,20000166,20002035,pmRefusedRequestsF4,,#,sum,1.0,1.0,1402.0,,RNCLoadControl,,,,,SUM,3G,,,
3G_LoadControl,3G_LoadControl_pmSamplesMeasuredLoad,ericsson,pmSamplesMeasuredLoad,LoadControl,20000166,20002036,pmSamplesMeasuredLoad,,#,sum,1.0,1.0,1402.0,,RNCLoadControl,,,,,SUM,3G,,,
3G_LoadControl,3G_LoadControl_pmSumMeasuredLoad,ericsson,pmSumMeasuredLoad,LoadControl,20000166,20002037,pmSumMeasuredLoad,,#,sum,1.0,1.0,1402.0,,RNCLoadControl,,,,,SUM,3G,,,
3G_LoadControl,3G_LoadControl_pmSumSqrMeasuredLoad,ericsson,pmSumSqrMeasuredLoad,LoadControl,20000166,20002038,pmSumSqrMeasuredLoad,,#,sum,1.0,1.0,1402.0,,RNCLoadControl,,,,,SUM,3G,,,
3G_LocationArea,3G_LocationArea_pmCnInitPagingToIdleUeLa,ericsson,pmCnInitPagingToIdleUeLa,LocationArea,20000168,20002040,pmCnInitPagingToIdleUeLa,,#,sum,1.0,1.0,1402.0,,RNCLocationArea,,,,,SUM,3G,,,
3G_M3uaRemoteSp,3G_M3uaRemoteSp_pmNoOfAspacAckReceived,ericsson,pmNoOfAspacAckReceived,M3uaRemoteSp,20000169,20002041,pmNoOfAspacAckReceived,,#,sum,1.0,1.0,1402.0,,RNCM3uaRemoteSp,,,,,SUM,3G,,,
3G_M3uaRemoteSp,3G_M3uaRemoteSp_pmNoOfAspacAckSent,ericsson,pmNoOfAspacAckSent,M3uaRemoteSp,20000169,20002042,pmNoOfAspacAckSent,,#,sum,1.0,1.0,1402.0,,RNCM3uaRemoteSp,,,,,SUM,3G,,,
3G_M3uaRemoteSp,3G_M3uaRemoteSp_pmNoOfAspacReceived,ericsson,pmNoOfAspacReceived,M3uaRemoteSp,20000169,20002043,pmNoOfAspacReceived,,#,sum,1.0,1.0,1402.0,,RNCM3uaRemoteSp,,,,,SUM,3G,,,
3G_M3uaRemoteSp,3G_M3uaRemoteSp_pmNoOfAspacSent,ericsson,pmNoOfAspacSent,M3uaRemoteSp,20000169,20002044,pmNoOfAspacSent,,#,sum,1.0,1.0,1402.0,,RNCM3uaRemoteSp,,,,,SUM,3G,,,
3G_M3uaRemoteSp,3G_M3uaRemoteSp_pmNoOfAspdnAckReceived,ericsson,pmNoOfAspdnAckReceived,M3uaRemoteSp,20000169,20002045,pmNoOfAspdnAckReceived,,#,sum,1.0,1.0,1402.0,,RNCM3uaRemoteSp,,,,,SUM,3G,,,
3G_M3uaRemoteSp,3G_M3uaRemoteSp_pmNoOfAspdnAckSent,ericsson,pmNoOfAspdnAckSent,M3uaRemoteSp,20000169,20002046,pmNoOfAspdnAckSent,,#,sum,1.0,1.0,1402.0,,RNCM3uaRemoteSp,,,,,SUM,3G,,,
3G_M3uaRemoteSp,3G_M3uaRemoteSp_pmNoOfAspdnReceived,ericsson,pmNoOfAspdnReceived,M3uaRemoteSp,20000169,20002047,pmNoOfAspdnReceived,,#,sum,1.0,1.0,1402.0,,RNCM3uaRemoteSp,,,,,SUM,3G,,,
3G_M3uaRemoteSp,3G_M3uaRemoteSp_pmNoOfAspdnSent,ericsson,pmNoOfAspdnSent,M3uaRemoteSp,20000169,20002048,pmNoOfAspdnSent,,#,sum,1.0,1.0,1402.0,,RNCM3uaRemoteSp,,,,,SUM,3G,,,
3G_M3uaRemoteSp,3G_M3uaRemoteSp_pmNoOfAspiaAckReceived,ericsson,pmNoOfAspiaAckReceived,M3uaRemoteSp,20000169,20002049,pmNoOfAspiaAckReceived,,#,sum,1.0,1.0,1402.0,,RNCM3uaRemoteSp,,,,,SUM,3G,,,
3G_M3uaRemoteSp,3G_M3uaRemoteSp_pmNoOfAspiaAckSent,ericsson,pmNoOfAspiaAckSent,M3uaRemoteSp,20000169,20002050,pmNoOfAspiaAckSent,,#,sum,1.0,1.0,1402.0,,RNCM3uaRemoteSp,,,,,SUM,3G,,,
3G_M3uaRemoteSp,3G_M3uaRemoteSp_pmNoOfAspiaReceived,ericsson,pmNoOfAspiaReceived,M3uaRemoteSp,20000169,20002051,pmNoOfAspiaReceived,,#,sum,1.0,1.0,1402.0,,RNCM3uaRemoteSp,,,,,SUM,3G,,,
3G_M3uaRemoteSp,3G_M3uaRemoteSp_pmNoOfAspiaSent,ericsson,pmNoOfAspiaSent,M3uaRemoteSp,20000169,20002052,pmNoOfAspiaSent,,#,sum,1.0,1.0,1402.0,,RNCM3uaRemoteSp,,,,,SUM,3G,,,
3G_M3uaRemoteSp,3G_M3uaRemoteSp_pmNoOfAspupAckReceived,ericsson,pmNoOfAspupAckReceived,M3uaRemoteSp,20000169,20002053,pmNoOfAspupAckReceived,,#,sum,1.0,1.0,1402.0,,RNCM3uaRemoteSp,,,,,SUM,3G,,,
3G_M3uaRemoteSp,3G_M3uaRemoteSp_pmNoOfAspupAckSent,ericsson,pmNoOfAspupAckSent,M3uaRemoteSp,20000169,20002054,pmNoOfAspupAckSent,,#,sum,1.0,1.0,1402.0,,RNCM3uaRemoteSp,,,,,SUM,3G,,,
3G_M3uaRemoteSp,3G_M3uaRemoteSp_pmNoOfAspupReceived,ericsson,pmNoOfAspupReceived,M3uaRemoteSp,20000169,20002055,pmNoOfAspupReceived,,#,sum,1.0,1.0,1402.0,,RNCM3uaRemoteSp,,,,,SUM,3G,,,
3G_M3uaRemoteSp,3G_M3uaRemoteSp_pmNoOfAspupSent,ericsson,pmNoOfAspupSent,M3uaRemoteSp,20000169,20002056,pmNoOfAspupSent,,#,sum,1.0,1.0,1402.0,,RNCM3uaRemoteSp,,,,,SUM,3G,,,
3G_M3uaRemoteSp,3G_M3uaRemoteSp_pmNoOfCommunicationLost,ericsson,pmNoOfCommunicationLost,M3uaRemoteSp,20000169,20002057,pmNoOfCommunicationLost,,#,sum,1.0,1.0,1402.0,,RNCM3uaRemoteSp,,,,,SUM,3G,,,
3G_M3uaRemoteSp,3G_M3uaRemoteSp_pmNoOfCongestions,ericsson,pmNoOfCongestions,M3uaRemoteSp,20000169,20002058,pmNoOfCongestions,,#,sum,1.0,1.0,1402.0,,RNCM3uaRemoteSp,,,,,SUM,3G,,,
3G_M3uaRemoteSp,3G_M3uaRemoteSp_pmNoOfDataMsgRec,ericsson,pmNoOfDataMsgRec,M3uaRemoteSp,20000169,20002059,pmNoOfDataMsgRec,,#,sum,1.0,1.0,1402.0,,RNCM3uaRemoteSp,,,,,SUM,3G,,,
3G_M3uaRemoteSp,3G_M3uaRemoteSp_pmNoOfDataMsgSent,ericsson,pmNoOfDataMsgSent,M3uaRemoteSp,20000169,20002060,pmNoOfDataMsgSent,,#,sum,1.0,1.0,1402.0,,RNCM3uaRemoteSp,,,,,SUM,3G,,,
3G_M3uaRemoteSp,3G_M3uaRemoteSp_pmNoOfDaudMsgRec,ericsson,pmNoOfDaudMsgRec,M3uaRemoteSp,20000169,20002061,pmNoOfDaudMsgRec,,#,sum,1.0,1.0,1402.0,,RNCM3uaRemoteSp,,,,,SUM,3G,,,
3G_M3uaRemoteSp,3G_M3uaRemoteSp_pmNoOfDaudMsgSent,ericsson,pmNoOfDaudMsgSent,M3uaRemoteSp,20000169,20002062,pmNoOfDaudMsgSent,,#,sum,1.0,1.0,1402.0,,RNCM3uaRemoteSp,,,,,SUM,3G,,,
3G_M3uaRemoteSp,3G_M3uaRemoteSp_pmNoOfDavaRec,ericsson,pmNoOfDavaRec,M3uaRemoteSp,20000169,20002063,pmNoOfDavaRec,,#,sum,1.0,1.0,1402.0,,RNCM3uaRemoteSp,,,,,SUM,3G,,,
3G_M3uaRemoteSp,3G_M3uaRemoteSp_pmNoOfDavaSent,ericsson,pmNoOfDavaSent,M3uaRemoteSp,20000169,20002064,pmNoOfDavaSent,,#,sum,1.0,1.0,1402.0,,RNCM3uaRemoteSp,,,,,SUM,3G,,,
3G_M3uaRemoteSp,3G_M3uaRemoteSp_pmNoOfDrstRec,ericsson,pmNoOfDrstRec,M3uaRemoteSp,20000169,20002065,pmNoOfDrstRec,,#,sum,1.0,1.0,1402.0,,RNCM3uaRemoteSp,,,,,SUM,3G,,,
3G_M3uaRemoteSp,3G_M3uaRemoteSp_pmNoOfDrstSent,ericsson,pmNoOfDrstSent,M3uaRemoteSp,20000169,20002066,pmNoOfDrstSent,,#,sum,1.0,1.0,1402.0,,RNCM3uaRemoteSp,,,,,SUM,3G,,,
3G_M3uaRemoteSp,3G_M3uaRemoteSp_pmNoOfDunaRec,ericsson,pmNoOfDunaRec,M3uaRemoteSp,20000169,20002067,pmNoOfDunaRec,,#,sum,1.0,1.0,1402.0,,RNCM3uaRemoteSp,,,,,SUM,3G,,,
3G_M3uaRemoteSp,3G_M3uaRemoteSp_pmNoOfDunaSent,ericsson,pmNoOfDunaSent,M3uaRemoteSp,20000169,20002068,pmNoOfDunaSent,,#,sum,1.0,1.0,1402.0,,RNCM3uaRemoteSp,,,,,SUM,3G,,,
3G_M3uaRemoteSp,3G_M3uaRemoteSp_pmNoOfErrorMsgRec,ericsson,pmNoOfErrorMsgRec,M3uaRemoteSp,20000169,20002071,pmNoOfErrorMsgRec,,#,sum,1.0,1.0,1402.0,,RNCM3uaRemoteSp,,,,,SUM,3G,,,
3G_M3uaRemoteSp,3G_M3uaRemoteSp_pmNoOfErrorMsgSent,ericsson,pmNoOfErrorMsgSent,M3uaRemoteSp,20000169,20002072,pmNoOfErrorMsgSent,,#,sum,1.0,1.0,1402.0,,RNCM3uaRemoteSp,,,,,SUM,3G,,,
3G_M3uaRemoteSp,3G_M3uaRemoteSp_pmNoOfM3uaDataMsgDiscarded,ericsson,pmNoOfM3uaDataMsgDiscarded,M3uaRemoteSp,20000169,20002073,pmNoOfM3uaDataMsgDiscarded,,#,sum,1.0,1.0,1402.0,,RNCM3uaRemoteSp,,,,,SUM,3G,,,
3G_M3uaRemoteSp,3G_M3uaRemoteSp_pmNoOfNotifyMsgRec,ericsson,pmNoOfNotifyMsgRec,M3uaRemoteSp,20000169,20002074,pmNoOfNotifyMsgRec,,#,sum,1.0,1.0,1402.0,,RNCM3uaRemoteSp,,,,,SUM,3G,,,
3G_M3uaRemoteSp,3G_M3uaRemoteSp_pmNoOfNotifyMsgSent,ericsson,pmNoOfNotifyMsgSent,M3uaRemoteSp,20000169,20002075,pmNoOfNotifyMsgSent,,#,sum,1.0,1.0,1402.0,,RNCM3uaRemoteSp,,,,,SUM,3G,,,
3G_M3uaRemoteSp,3G_M3uaRemoteSp_pmNoOfRecUserData,ericsson,pmNoOfRecUserData,M3uaRemoteSp,20000169,20002076,pmNoOfRecUserData,,kbyte,sum,1.0,1.0,1402.0,,RNCM3uaRemoteSp,,,,,SUM,3G,,,
3G_M3uaRemoteSp,3G_M3uaRemoteSp_pmNoOfSconRec,ericsson,pmNoOfSconRec,M3uaRemoteSp,20000169,20002077,pmNoOfSconRec,,#,sum,1.0,1.0,1402.0,,RNCM3uaRemoteSp,,,,,SUM,3G,,,
3G_M3uaRemoteSp,3G_M3uaRemoteSp_pmNoOfSconSent,ericsson,pmNoOfSconSent,M3uaRemoteSp,20000169,20002078,pmNoOfSconSent,,#,sum,1.0,1.0,1402.0,,RNCM3uaRemoteSp,,,,,SUM,3G,,,
3G_M3uaRemoteSp,3G_M3uaRemoteSp_pmNoOfSctpAssociationRestart,ericsson,pmNoOfSctpAssociationRestart,M3uaRemoteSp,20000169,20002079,pmNoOfSctpAssociationRestart,,#,sum,1.0,1.0,1402.0,,RNCM3uaRemoteSp,,,,,SUM,3G,,,
3G_M3uaRemoteSp,3G_M3uaRemoteSp_pmNoOfSctpBufOverflow,ericsson,pmNoOfSctpBufOverflow,M3uaRemoteSp,20000169,20002080,pmNoOfSctpBufOverflow,,#,sum,1.0,1.0,1402.0,,RNCM3uaRemoteSp,,,,,SUM,3G,,,
3G_M3uaRemoteSp,3G_M3uaRemoteSp_pmNoOfSctpCommunicationErr,ericsson,pmNoOfSctpCommunicationErr,M3uaRemoteSp,20000169,20002081,pmNoOfSctpCommunicationErr,,#,sum,1.0,1.0,1402.0,,RNCM3uaRemoteSp,,,,,SUM,3G,,,
3G_M3uaRemoteSp,3G_M3uaRemoteSp_pmNoOfSctpNetworkStatusChange,ericsson,pmNoOfSctpNetworkStatusChange,M3uaRemoteSp,20000169,20002082,pmNoOfSctpNetworkStatusChange,,#,sum,1.0,1.0,1402.0,,RNCM3uaRemoteSp,,,,,SUM,3G,,,
3G_M3uaRemoteSp,3G_M3uaRemoteSp_pmNoOfSctpResumeSending,ericsson,pmNoOfSctpResumeSending,M3uaRemoteSp,20000169,20002083,pmNoOfSctpResumeSending,,#,sum,1.0,1.0,1402.0,,RNCM3uaRemoteSp,,,,,SUM,3G,,,
3G_M3uaRemoteSp,3G_M3uaRemoteSp_pmNoOfSctpSendFailure,ericsson,pmNoOfSctpSendFailure,M3uaRemoteSp,20000169,20002084,pmNoOfSctpSendFailure,,#,sum,1.0,1.0,1402.0,,RNCM3uaRemoteSp,,,,,SUM,3G,,,
3G_M3uaRemoteSp,3G_M3uaRemoteSp_pmNoOfSentUserData,ericsson,pmNoOfSentUserData,M3uaRemoteSp,20000169,20002085,pmNoOfSentUserData,,kbyte,sum,1.0,1.0,1402.0,,RNCM3uaRemoteSp,,,,,SUM,3G,,,
3G_M3uaRemoteSp,3G_M3uaRemoteSp_pmNoOfSuccessAssocAbort,ericsson,pmNoOfSuccessAssocAbort,M3uaRemoteSp,20000169,20002086,pmNoOfSuccessAssocAbort,,#,sum,1.0,1.0,1402.0,,RNCM3uaRemoteSp,,,,,SUM,3G,,,
3G_M3uaRemoteSp,3G_M3uaRemoteSp_pmNoOfSuccessAssocEstablish,ericsson,pmNoOfSuccessAssocEstablish,M3uaRemoteSp,20000169,20002087,pmNoOfSuccessAssocEstablish,,#,sum,1.0,1.0,1402.0,,RNCM3uaRemoteSp,,,,,SUM,3G,,,
3G_M3uaRemoteSp,3G_M3uaRemoteSp_pmNoOfUnsuccessAssocEstablish,ericsson,pmNoOfUnsuccessAssocEstablish,M3uaRemoteSp,20000169,20002088,pmNoOfUnsuccessAssocEstablish,,#,sum,1.0,1.0,1402.0,,RNCM3uaRemoteSp,,,,,SUM,3G,,,
3G_M3uAssociation,3G_M3uAssociation_pmNoOfAspacAckReceived,ericsson,pmNoOfAspacAckReceived,M3uAssociation,20000055,20000998,pmNoOfAspacAckReceived,,#,sum,1.0,1.0,1402.0,,RNCM3uAssociation,,,,,SUM,3G,,,
3G_M3uAssociation,3G_M3uAssociation_pmNoOfAspacAckSent,ericsson,pmNoOfAspacAckSent,M3uAssociation,20000055,20000999,pmNoOfAspacAckSent,,#,sum,1.0,1.0,1402.0,,RNCM3uAssociation,,,,,SUM,3G,,,
3G_M3uAssociation,3G_M3uAssociation_pmNoOfAspacReceived,ericsson,pmNoOfAspacReceived,M3uAssociation,20000055,20001000,pmNoOfAspacReceived,,#,sum,1.0,1.0,1402.0,,RNCM3uAssociation,,,,,SUM,3G,,,
3G_M3uAssociation,3G_M3uAssociation_pmNoOfAspacSent,ericsson,pmNoOfAspacSent,M3uAssociation,20000055,20001001,pmNoOfAspacSent,,#,sum,1.0,1.0,1402.0,,RNCM3uAssociation,,,,,SUM,3G,,,
3G_M3uAssociation,3G_M3uAssociation_pmNoOfAspdnAckReceived,ericsson,pmNoOfAspdnAckReceived,M3uAssociation,20000055,20001002,pmNoOfAspdnAckReceived,,#,sum,1.0,1.0,1402.0,,RNCM3uAssociation,,,,,SUM,3G,,,
3G_M3uAssociation,3G_M3uAssociation_pmNoOfAspdnAckSent,ericsson,pmNoOfAspdnAckSent,M3uAssociation,20000055,20001003,pmNoOfAspdnAckSent,,#,sum,1.0,1.0,1402.0,,RNCM3uAssociation,,,,,SUM,3G,,,
3G_M3uAssociation,3G_M3uAssociation_pmNoOfAspdnReceived,ericsson,pmNoOfAspdnReceived,M3uAssociation,20000055,20001004,pmNoOfAspdnReceived,,#,sum,1.0,1.0,1402.0,,RNCM3uAssociation,,,,,SUM,3G,,,
3G_M3uAssociation,3G_M3uAssociation_pmNoOfAspdnSent,ericsson,pmNoOfAspdnSent,M3uAssociation,20000055,20001005,pmNoOfAspdnSent,,#,sum,1.0,1.0,1402.0,,RNCM3uAssociation,,,,,SUM,3G,,,
3G_M3uAssociation,3G_M3uAssociation_pmNoOfAspiaAckReceived,ericsson,pmNoOfAspiaAckReceived,M3uAssociation,20000055,20001006,pmNoOfAspiaAckReceived,,#,sum,1.0,1.0,1402.0,,RNCM3uAssociation,,,,,SUM,3G,,,
3G_M3uAssociation,3G_M3uAssociation_pmNoOfAspiaAckSent,ericsson,pmNoOfAspiaAckSent,M3uAssociation,20000055,20001007,pmNoOfAspiaAckSent,,#,sum,1.0,1.0,1402.0,,RNCM3uAssociation,,,,,SUM,3G,,,
3G_M3uAssociation,3G_M3uAssociation_pmNoOfAspiaReceived,ericsson,pmNoOfAspiaReceived,M3uAssociation,20000055,20001008,pmNoOfAspiaReceived,,#,sum,1.0,1.0,1402.0,,RNCM3uAssociation,,,,,SUM,3G,,,
3G_M3uAssociation,3G_M3uAssociation_pmNoOfAspiaSent,ericsson,pmNoOfAspiaSent,M3uAssociation,20000055,20001009,pmNoOfAspiaSent,,#,sum,1.0,1.0,1402.0,,RNCM3uAssociation,,,,,SUM,3G,,,
3G_M3uAssociation,3G_M3uAssociation_pmNoOfAspupAckReceived,ericsson,pmNoOfAspupAckReceived,M3uAssociation,20000055,20001010,pmNoOfAspupAckReceived,,#,sum,1.0,1.0,1402.0,,RNCM3uAssociation,,,,,SUM,3G,,,
3G_M3uAssociation,3G_M3uAssociation_pmNoOfAspupAckSent,ericsson,pmNoOfAspupAckSent,M3uAssociation,20000055,20001011,pmNoOfAspupAckSent,,#,sum,1.0,1.0,1402.0,,RNCM3uAssociation,,,,,SUM,3G,,,
3G_M3uAssociation,3G_M3uAssociation_pmNoOfAspupReceived,ericsson,pmNoOfAspupReceived,M3uAssociation,20000055,20001012,pmNoOfAspupReceived,,#,sum,1.0,1.0,1402.0,,RNCM3uAssociation,,,,,SUM,3G,,,
3G_M3uAssociation,3G_M3uAssociation_pmNoOfAspupSent,ericsson,pmNoOfAspupSent,M3uAssociation,20000055,20001013,pmNoOfAspupSent,,#,sum,1.0,1.0,1402.0,,RNCM3uAssociation,,,,,SUM,3G,,,
3G_M3uAssociation,3G_M3uAssociation_pmNoOfCommunicationLost,ericsson,pmNoOfCommunicationLost,M3uAssociation,20000055,20001014,pmNoOfCommunicationLost,,#,sum,1.0,1.0,1402.0,,RNCM3uAssociation,,,,,SUM,3G,,,
3G_M3uAssociation,3G_M3uAssociation_pmNoOfCongestions,ericsson,pmNoOfCongestions,M3uAssociation,20000055,20001015,pmNoOfCongestions,,#,sum,1.0,1.0,1402.0,,RNCM3uAssociation,,,,,SUM,3G,,,
3G_M3uAssociation,3G_M3uAssociation_pmNoOfDataMsgRec,ericsson,pmNoOfDataMsgRec,M3uAssociation,20000055,20001016,pmNoOfDataMsgRec,,#,sum,1.0,1.0,1402.0,,RNCM3uAssociation,,,,,SUM,3G,,,
3G_M3uAssociation,3G_M3uAssociation_pmNoOfDataMsgSent,ericsson,pmNoOfDataMsgSent,M3uAssociation,20000055,20001017,pmNoOfDataMsgSent,,#,sum,1.0,1.0,1402.0,,RNCM3uAssociation,,,,,SUM,3G,,,
3G_M3uAssociation,3G_M3uAssociation_pmNoOfDaudMsgRec,ericsson,pmNoOfDaudMsgRec,M3uAssociation,20000055,20001018,pmNoOfDaudMsgRec,,#,sum,1.0,1.0,1402.0,,RNCM3uAssociation,,,,,SUM,3G,,,
3G_M3uAssociation,3G_M3uAssociation_pmNoOfDaudMsgSent,ericsson,pmNoOfDaudMsgSent,M3uAssociation,20000055,20001019,pmNoOfDaudMsgSent,,#,sum,1.0,1.0,1402.0,,RNCM3uAssociation,,,,,SUM,3G,,,
3G_M3uAssociation,3G_M3uAssociation_pmNoOfDavaRec,ericsson,pmNoOfDavaRec,M3uAssociation,20000055,20001020,pmNoOfDavaRec,,#,sum,1.0,1.0,1402.0,,RNCM3uAssociation,,,,,SUM,3G,,,
3G_M3uAssociation,3G_M3uAssociation_pmNoOfDavaSent,ericsson,pmNoOfDavaSent,M3uAssociation,20000055,20001021,pmNoOfDavaSent,,#,sum,1.0,1.0,1402.0,,RNCM3uAssociation,,,,,SUM,3G,,,
3G_M3uAssociation,3G_M3uAssociation_pmNoOfDunaRec,ericsson,pmNoOfDunaRec,M3uAssociation,20000055,20001022,pmNoOfDunaRec,,#,sum,1.0,1.0,1402.0,,RNCM3uAssociation,,,,,SUM,3G,,,
3G_M3uAssociation,3G_M3uAssociation_pmNoOfDunaSent,ericsson,pmNoOfDunaSent,M3uAssociation,20000055,20001023,pmNoOfDunaSent,,#,sum,1.0,1.0,1402.0,,RNCM3uAssociation,,,,,SUM,3G,,,
3G_M3uAssociation,3G_M3uAssociation_pmNoOfDupuRec,ericsson,pmNoOfDupuRec,M3uAssociation,20000055,20001024,pmNoOfDupuRec,,#,sum,1.0,1.0,1402.0,,RNCM3uAssociation,,,,,SUM,3G,,,
3G_M3uAssociation,3G_M3uAssociation_pmNoOfDupuSent,ericsson,pmNoOfDupuSent,M3uAssociation,20000055,20001025,pmNoOfDupuSent,,#,sum,1.0,1.0,1402.0,,RNCM3uAssociation,,,,,SUM,3G,,,
3G_M3uAssociation,3G_M3uAssociation_pmNoOfErrorMsgRec,ericsson,pmNoOfErrorMsgRec,M3uAssociation,20000055,20001026,pmNoOfErrorMsgRec,,#,sum,1.0,1.0,1402.0,,RNCM3uAssociation,,,,,SUM,3G,,,
3G_M3uAssociation,3G_M3uAssociation_pmNoOfErrorMsgSent,ericsson,pmNoOfErrorMsgSent,M3uAssociation,20000055,20001027,pmNoOfErrorMsgSent,,#,sum,1.0,1.0,1402.0,,RNCM3uAssociation,,,,,SUM,3G,,,
3G_M3uAssociation,3G_M3uAssociation_pmNoOfM3uaDataMsgDiscarded,ericsson,pmNoOfM3uaDataMsgDiscarded,M3uAssociation,20000055,20001028,pmNoOfM3uaDataMsgDiscarded,,#,sum,1.0,1.0,1402.0,,RNCM3uAssociation,,,,,SUM,3G,,,
3G_M3uAssociation,3G_M3uAssociation_pmNoOfNotifyMsgRec,ericsson,pmNoOfNotifyMsgRec,M3uAssociation,20000055,20001029,pmNoOfNotifyMsgRec,,#,sum,1.0,1.0,1402.0,,RNCM3uAssociation,,,,,SUM,3G,,,
3G_M3uAssociation,3G_M3uAssociation_pmNoOfRecUserData,ericsson,pmNoOfRecUserData,M3uAssociation,20000055,20001030,pmNoOfRecUserData,,kbyte,sum,1.0,1.0,1402.0,,RNCM3uAssociation,,,,,SUM,3G,,,
3G_M3uAssociation,3G_M3uAssociation_pmNoOfSconRec,ericsson,pmNoOfSconRec,M3uAssociation,20000055,20001031,pmNoOfSconRec,,#,sum,1.0,1.0,1402.0,,RNCM3uAssociation,,,,,SUM,3G,,,
3G_M3uAssociation,3G_M3uAssociation_PmNoOfSconSent,ericsson,PmNoOfSconSent,M3uAssociation,20000055,20001032,PmNoOfSconSent,,#,sum,1.0,1.0,1402.0,,RNCM3uAssociation,,,,,SUM,3G,,,
3G_M3uAssociation,3G_M3uAssociation_pmNoOfSentUserData,ericsson,pmNoOfSentUserData,M3uAssociation,20000055,20001033,pmNoOfSentUserData,,kbyte,sum,1.0,1.0,1402.0,,RNCM3uAssociation,,,,,SUM,3G,,,
3G_rncfunction,3G_rncfunction_pmCsCnDowntime,ericsson,pmCsCnDowntime,rncfunction,20000204,20002401,pmCsCnDowntime,,sec,sum,1.0,1.0,1402.0,,RNCrncfunction,,,,,SUM,3G,,,
3G_rncfunction_V,3G_rncfunction_V_pmiusccpconrate,ericsson,pmiusccpconrate,rncfunction_V,20000205,20002458,pmiusccpconrate,,#,sum,1.0,1.0,1402.0,,RNCrncfunction_V,,,,,SUM,3G,,,
3G_rncfunction,3G_rncfunction_pmmocnredirections,ericsson,pmmocnredirections,rncfunction,20000204,20002402,pmmocnredirections,,#,sum,1.0,1.0,1402.0,,RNCrncfunction,,,,,SUM,3G,,,
3G_rncfunction,3G_rncfunction_pmNoDiscardSduDcch,ericsson,pmNoDiscardSduDcch,rncfunction,20000204,20002403,pmNoDiscardSduDcch,,#,sum,1.0,1.0,1402.0,,RNCrncfunction,,,,,SUM,3G,,,
3G_rncfunction,3G_rncfunction_pmNoDiscardSduDtch,ericsson,pmNoDiscardSduDtch,rncfunction,20000204,20002404,pmNoDiscardSduDtch,,#,sum,1.0,1.0,1402.0,,RNCrncfunction,,,,,SUM,3G,,,
3G_rncfunction,3G_rncfunction_pmNoInvalidRabReleaseAttempts,ericsson,pmNoInvalidRabReleaseAttempts,rncfunction,20000204,20002406,pmNoInvalidRabReleaseAttempts,,#,sum,1.0,1.0,1402.0,,RNCrncfunction,,,,,SUM,3G,,,
3G_rncfunction,3G_rncfunction_pmNoIuSigEstablishAttemptCs,ericsson,pmNoIuSigEstablishAttemptCs,rncfunction,20000204,20002407,pmNoIuSigEstablishAttemptCs,,#,sum,1.0,1.0,1402.0,,RNCrncfunction,,,,,SUM,3G,,,
3G_rncfunction,3G_rncfunction_pmNoIuSigEstablishAttemptPs,ericsson,pmNoIuSigEstablishAttemptPs,rncfunction,20000204,20002408,pmNoIuSigEstablishAttemptPs,,#,sum,1.0,1.0,1402.0,,RNCrncfunction,,,,,SUM,3G,,,
3G_rncfunction,3G_rncfunction_pmNoIuSigEstablishSuccessCs,ericsson,pmNoIuSigEstablishSuccessCs,rncfunction,20000204,20002409,pmNoIuSigEstablishSuccessCs,,#,sum,1.0,1.0,1402.0,,RNCrncfunction,,,,,SUM,3G,,,
3G_rncfunction,3G_rncfunction_pmNoIuSigEstablishSuccessPs,ericsson,pmNoIuSigEstablishSuccessPs,rncfunction,20000204,20002410,pmNoIuSigEstablishSuccessPs,,#,sum,1.0,1.0,1402.0,,RNCrncfunction,,,,,SUM,3G,,,
3G_rncfunction,3G_rncfunction_pmNoOfPacketCallDuration1,ericsson,pmNoOfPacketCallDuration1,rncfunction,20000204,20002411,pmNoOfPacketCallDuration1,,msec,sum,1.0,1.0,1402.0,,RNCrncfunction,,,,,SUM,3G,,,
3G_rncfunction,3G_rncfunction_pmNoOfPacketCallDuration2,ericsson,pmNoOfPacketCallDuration2,rncfunction,20000204,20002412,pmNoOfPacketCallDuration2,,msec,sum,1.0,1.0,1402.0,,RNCrncfunction,,,,,SUM,3G,,,
3G_rncfunction,3G_rncfunction_pmNoOfPacketCallDuration3,ericsson,pmNoOfPacketCallDuration3,rncfunction,20000204,20002413,pmNoOfPacketCallDuration3,,msec,sum,1.0,1.0,1402.0,,RNCrncfunction,,,,,SUM,3G,,,
3G_rncfunction,3G_rncfunction_pmNoOfPacketCallDuration4,ericsson,pmNoOfPacketCallDuration4,rncfunction,20000204,20002414,pmNoOfPacketCallDuration4,,msec,sum,1.0,1.0,1402.0,,RNCrncfunction,,,,,SUM,3G,,,
3G_rncfunction,3G_rncfunction_pmNoOfPacketCallDurationHs1,ericsson,pmNoOfPacketCallDurationHs1,rncfunction,20000204,20002415,pmNoOfPacketCallDurationHs1,,msec,sum,1.0,1.0,1402.0,,RNCrncfunction,,,,,SUM,3G,,,
3G_rncfunction,3G_rncfunction_pmNoOfPacketCallDurationHs2,ericsson,pmNoOfPacketCallDurationHs2,rncfunction,20000204,20002416,pmNoOfPacketCallDurationHs2,,msec,sum,1.0,1.0,1402.0,,RNCrncfunction,,,,,SUM,3G,,,
3G_rncfunction,3G_rncfunction_pmNoOfPacketCallDurationHs3,ericsson,pmNoOfPacketCallDurationHs3,rncfunction,20000204,20002417,pmNoOfPacketCallDurationHs3,,msec,sum,1.0,1.0,1402.0,,RNCrncfunction,,,,,SUM,3G,,,
3G_rncfunction,3G_rncfunction_pmNoOfPacketCallDurationHs4,ericsson,pmNoOfPacketCallDurationHs4,rncfunction,20000204,20002418,pmNoOfPacketCallDurationHs4,,msec,sum,1.0,1.0,1402.0,,RNCrncfunction,,,,,SUM,3G,,,
3G_rncfunction,3G_rncfunction_pmNoReceivedSduDcch,ericsson,pmNoReceivedSduDcch,rncfunction,20000204,20002421,pmNoReceivedSduDcch,,#,sum,1.0,1.0,1402.0,,RNCrncfunction,,,,,SUM,3G,,,
3G_rncfunction,3G_rncfunction_pmNoReceivedSduDtch,ericsson,pmNoReceivedSduDtch,rncfunction,20000204,20002422,pmNoReceivedSduDtch,,#,sum,1.0,1.0,1402.0,,RNCrncfunction,,,,,SUM,3G,,,
3G_rncfunction,3G_rncfunction_pmNoRetransPduDcch,ericsson,pmNoRetransPduDcch,rncfunction,20000204,20002423,pmNoRetransPduDcch,,#,sum,1.0,1.0,1402.0,,RNCrncfunction,,,,,SUM,3G,,,
3G_rncfunction,3G_rncfunction_pmNoRetransPduDtch,ericsson,pmNoRetransPduDtch,rncfunction,20000204,20002424,pmNoRetransPduDtch,,#,sum,1.0,1.0,1402.0,,RNCrncfunction,,,,,SUM,3G,,,
3G_rncfunction,3G_rncfunction_pmRefusedRequestSccpMpLoad,ericsson,pmRefusedRequestSccpMpLoad,rncfunction,20000204,20002427,pmRefusedRequestSccpMpLoad,,#,sum,1.0,1.0,1402.0,,RNCrncfunction,,,,,SUM,3G,,,
3G_rncfunction_V,3G_rncfunction_V_pmSamplesDchDchDlRcvDelay,ericsson,pmSamplesDchDchDlRcvDelay,rncfunction_V,20000205,20002459,pmSamplesDchDchDlRcvDelay,,#,sum,1.0,1.0,1402.0,,RNCrncfunction_V,,,,,SUM,3G,,,
3G_rncfunction,3G_rncfunction_pmSamplesDchDchJitter,ericsson,pmSamplesDchDchJitter,rncfunction,20000204,20002428,pmSamplesDchDchJitter,,#,sum,1.0,1.0,1402.0,,RNCrncfunction,,,,,SUM,3G,,,
3G_rncfunction_V,3G_rncfunction_V_pmSamplesDchDchLatency,ericsson,pmSamplesDchDchLatency,rncfunction_V,20000205,20002460,pmSamplesDchDchLatency,,#,sum,1.0,1.0,1402.0,,RNCrncfunction_V,,,,,SUM,3G,,,
3G_rncfunction_V,3G_rncfunction_V_pmSamplesDchDlDelay,ericsson,pmSamplesDchDlDelay,rncfunction_V,20000205,20002461,pmSamplesDchDlDelay,,#,sum,1.0,1.0,1402.0,,RNCrncfunction_V,,,,,SUM,3G,,,
3G_rncfunction_V,3G_rncfunction_V_pmSamplesHsDchDlRcvDelay,ericsson,pmSamplesHsDchDlRcvDelay,rncfunction_V,20000205,20002462,pmSamplesHsDchDlRcvDelay,,#,sum,1.0,1.0,1402.0,,RNCrncfunction_V,,,,,SUM,3G,,,
3G_rncfunction,3G_rncfunction_pmSamplesHsDchJitter,ericsson,pmSamplesHsDchJitter,rncfunction,20000204,20002429,pmSamplesHsDchJitter,,#,sum,1.0,1.0,1402.0,,RNCrncfunction,,,,,SUM,3G,,,
3G_rncfunction_V,3G_rncfunction_V_pmSamplesHsDchLatency,ericsson,pmSamplesHsDchLatency,rncfunction_V,20000205,20002463,pmSamplesHsDchLatency,,#,sum,1.0,1.0,1402.0,,RNCrncfunction_V,,,,,SUM,3G,,,
3G_rncfunction_V,3G_rncfunction_V_pmSamplesHsDlDelay,ericsson,pmSamplesHsDlDelay,rncfunction_V,20000205,20002464,pmSamplesHsDlDelay,,#,sum,1.0,1.0,1402.0,,RNCrncfunction_V,,,,,SUM,3G,,,
3G_rncfunction_V,3G_rncfunction_V_pmSamplesHsEulDlRcvDelay,ericsson,pmSamplesHsEulDlRcvDelay,rncfunction_V,20000205,20002465,pmSamplesHsEulDlRcvDelay,,#,sum,1.0,1.0,1402.0,,RNCrncfunction_V,,,,,SUM,3G,,,
3G_rncfunction,3G_rncfunction_pmSamplesHsEulJitter,ericsson,pmSamplesHsEulJitter,rncfunction,20000204,20002430,pmSamplesHsEulJitter,,#,sum,1.0,1.0,1402.0,,RNCrncfunction,,,,,SUM,3G,,,
3G_rncfunction_V,3G_rncfunction_V_pmSamplesHsEulLatency,ericsson,pmSamplesHsEulLatency,rncfunction_V,20000205,20002466,pmSamplesHsEulLatency,,msec,sum,1.0,1.0,1402.0,,RNCrncfunction_V,,,,,SUM,3G,,,
3G_rncfunction,3G_rncfunction_pmSentPacketData1,ericsson,pmSentPacketData1,rncfunction,20000204,20002431,pmSentPacketData1,,byte,sum,1.0,1.0,1402.0,,RNCrncfunction,,,,,SUM,3G,,,
3G_rncfunction,3G_rncfunction_pmSentPacketData2,ericsson,pmSentPacketData2,rncfunction,20000204,20002432,pmSentPacketData2,,byte,sum,1.0,1.0,1402.0,,RNCrncfunction,,,,,SUM,3G,,,
3G_rncfunction,3G_rncfunction_pmSentPacketData3,ericsson,pmSentPacketData3,rncfunction,20000204,20002433,pmSentPacketData3,,byte,sum,1.0,1.0,1402.0,,RNCrncfunction,,,,,SUM,3G,,,
3G_rncfunction,3G_rncfunction_pmSentPacketData4,ericsson,pmSentPacketData4,rncfunction,20000204,20002434,pmSentPacketData4,,byte,sum,1.0,1.0,1402.0,,RNCrncfunction,,,,,SUM,3G,,,
3G_rncfunction,3G_rncfunction_pmSentPacketDataHs1,ericsson,pmSentPacketDataHs1,rncfunction,20000204,20002435,pmSentPacketDataHs1,,byte,sum,1.0,1.0,1402.0,,RNCrncfunction,,,,,SUM,3G,,,
3G_rncfunction,3G_rncfunction_pmSentPacketDataHs2,ericsson,pmSentPacketDataHs2,rncfunction,20000204,20002436,pmSentPacketDataHs2,,byte,sum,1.0,1.0,1402.0,,RNCrncfunction,,,,,SUM,3G,,,
3G_rncfunction,3G_rncfunction_pmSentPacketDataHs3,ericsson,pmSentPacketDataHs3,rncfunction,20000204,20002437,pmSentPacketDataHs3,,byte,sum,1.0,1.0,1402.0,,RNCrncfunction,,,,,SUM,3G,,,
3G_rncfunction,3G_rncfunction_pmSentPacketDataHs4,ericsson,pmSentPacketDataHs4,rncfunction,20000204,20002438,pmSentPacketDataHs4,,byte,sum,1.0,1.0,1402.0,,RNCrncfunction,,,,,SUM,3G,,,
3G_rncfunction,3G_rncfunction_pmSentPacketDataInclRetrans1,ericsson,pmSentPacketDataInclRetrans1,rncfunction,20000204,20002439,pmSentPacketDataInclRetrans1,,byte,sum,1.0,1.0,1402.0,,RNCrncfunction,,,,,SUM,3G,,,
3G_rncfunction,3G_rncfunction_pmSentPacketDataInclRetrans2,ericsson,pmSentPacketDataInclRetrans2,rncfunction,20000204,20002440,pmSentPacketDataInclRetrans2,,byte,sum,1.0,1.0,1402.0,,RNCrncfunction,,,,,SUM,3G,,,
3G_rncfunction,3G_rncfunction_pmSentPacketDataInclRetrans3,ericsson,pmSentPacketDataInclRetrans3,rncfunction,20000204,20002441,pmSentPacketDataInclRetrans3,,byte,sum,1.0,1.0,1402.0,,RNCrncfunction,,,,,SUM,3G,,,
3G_rncfunction,3G_rncfunction_pmSentPacketDataInclRetrans4,ericsson,pmSentPacketDataInclRetrans4,rncfunction,20000204,20002442,pmSentPacketDataInclRetrans4,,byte,sum,1.0,1.0,1402.0,,RNCrncfunction,,,,,SUM,3G,,,
3G_rncfunction,3G_rncfunction_pmSentPacketDataInclRetransHs1,ericsson,pmSentPacketDataInclRetransHs1,rncfunction,20000204,20002443,pmSentPacketDataInclRetransHs1,,byte,sum,1.0,1.0,1402.0,,RNCrncfunction,,,,,SUM,3G,,,
3G_rncfunction,3G_rncfunction_pmSentPacketDataInclRetransHs2,ericsson,pmSentPacketDataInclRetransHs2,rncfunction,20000204,20002444,pmSentPacketDataInclRetransHs2,,byte,sum,1.0,1.0,1402.0,,RNCrncfunction,,,,,SUM,3G,,,
3G_rncfunction,3G_rncfunction_pmSentPacketDataInclRetransHs3,ericsson,pmSentPacketDataInclRetransHs3,rncfunction,20000204,20002445,pmSentPacketDataInclRetransHs3,,byte,sum,1.0,1.0,1402.0,,RNCrncfunction,,,,,SUM,3G,,,
3G_rncfunction,3G_rncfunction_pmSentPacketDataInclRetransHs4,ericsson,pmSentPacketDataInclRetransHs4,rncfunction,20000204,20002446,pmSentPacketDataInclRetransHs4,,byte,sum,1.0,1.0,1402.0,,RNCrncfunction,,,,,SUM,3G,,,
3G_rncfunction_V,3G_rncfunction_V_pmSumDchDchDlRcvDelay,ericsson,pmSumDchDchDlRcvDelay,rncfunction_V,20000205,20002467,pmSumDchDchDlRcvDelay,,msec,sum,1.0,1.0,1402.0,,RNCrncfunction_V,,,,,SUM,3G,,,
3G_rncfunction,3G_rncfunction_pmSumDchDchJitter,ericsson,pmSumDchDchJitter,rncfunction,20000204,20002447,pmSumDchDchJitter,,msec,sum,1.0,1.0,1402.0,,RNCrncfunction,,,,,SUM,3G,,,
3G_rncfunction_V,3G_rncfunction_V_pmSumDchDchLatency,ericsson,pmSumDchDchLatency,rncfunction_V,20000205,20002468,pmSumDchDchLatency,,msec,sum,1.0,1.0,1402.0,,RNCrncfunction_V,,,,,SUM,3G,,,
3G_rncfunction_V,3G_rncfunction_V_pmSumDchDlDelay,ericsson,pmSumDchDlDelay,rncfunction_V,20000205,20002469,pmSumDchDlDelay,,msec,sum,1.0,1.0,1402.0,,RNCrncfunction_V,,,,,SUM,3G,,,
3G_rncfunction_V,3G_rncfunction_V_pmSumHsDchDlRcvDelay,ericsson,pmSumHsDchDlRcvDelay,rncfunction_V,20000205,20002470,pmSumHsDchDlRcvDelay,,msec,sum,1.0,1.0,1402.0,,RNCrncfunction_V,,,,,SUM,3G,,,
3G_rncfunction,3G_rncfunction_pmSumHsDchJitter,ericsson,pmSumHsDchJitter,rncfunction,20000204,20002448,pmSumHsDchJitter,,msec,sum,1.0,1.0,1402.0,,RNCrncfunction,,,,,SUM,3G,,,
3G_rncfunction_V,3G_rncfunction_V_pmSumHsDchLatency,ericsson,pmSumHsDchLatency,rncfunction_V,20000205,20002471,pmSumHsDchLatency,,msec,sum,1.0,1.0,1402.0,,RNCrncfunction_V,,,,,SUM,3G,,,
3G_rncfunction_V,3G_rncfunction_V_pmSumHsDlDelay,ericsson,pmSumHsDlDelay,rncfunction_V,20000205,20002472,pmSumHsDlDelay,,msec,sum,1.0,1.0,1402.0,,RNCrncfunction_V,,,,,SUM,3G,,,
3G_rncfunction_V,3G_rncfunction_V_pmSumHsEulDlRcvDelay,ericsson,pmSumHsEulDlRcvDelay,rncfunction_V,20000205,20002473,pmSumHsEulDlRcvDelay,,msec,sum,1.0,1.0,1402.0,,RNCrncfunction_V,,,,,SUM,3G,,,
3G_rncfunction,3G_rncfunction_pmSumHsEulJitter,ericsson,pmSumHsEulJitter,rncfunction,20000204,20002449,pmSumHsEulJitter,,msec,sum,1.0,1.0,1402.0,,RNCrncfunction,,,,,SUM,3G,,,
3G_rncfunction_V,3G_rncfunction_V_pmSumHsEulLatency,ericsson,pmSumHsEulLatency,rncfunction_V,20000205,20002474,pmSumHsEulLatency,,msec,sum,1.0,1.0,1402.0,,RNCrncfunction_V,,,,,SUM,3G,,,
3G_T1Ttp,3G_T1Ttp_pmEs,ericsson,pmEs,T1Ttp,20000093,20001326,pmEs,,sec,sum,1.0,1.0,1402.0,,RNCT1Ttp,,,,,SUM,3G,,,
3G_rncfunction,3G_rncfunction_pmTotalPacketDuration1,ericsson,pmTotalPacketDuration1,rncfunction,20000204,20002450,pmTotalPacketDuration1,,msec,sum,1.0,1.0,1402.0,,RNCrncfunction,,,,,SUM,3G,,,
3G_rncfunction,3G_rncfunction_pmTotalPacketDuration2,ericsson,pmTotalPacketDuration2,rncfunction,20000204,20002451,pmTotalPacketDuration2,,msec,sum,1.0,1.0,1402.0,,RNCrncfunction,,,,,SUM,3G,,,
3G_rncfunction,3G_rncfunction_pmTotalPacketDuration3,ericsson,pmTotalPacketDuration3,rncfunction,20000204,20002452,pmTotalPacketDuration3,,msec,sum,1.0,1.0,1402.0,,RNCrncfunction,,,,,SUM,3G,,,
3G_rncfunction,3G_rncfunction_pmTotalPacketDuration4,ericsson,pmTotalPacketDuration4,rncfunction,20000204,20002453,pmTotalPacketDuration4,,msec,sum,1.0,1.0,1402.0,,RNCrncfunction,,,,,SUM,3G,,,
3G_rncfunction,3G_rncfunction_pmTotalPacketDurationHs1,ericsson,pmTotalPacketDurationHs1,rncfunction,20000204,20002454,pmTotalPacketDurationHs1,,msec,sum,1.0,1.0,1402.0,,RNCrncfunction,,,,,SUM,3G,,,
3G_rncfunction,3G_rncfunction_pmTotalPacketDurationHs2,ericsson,pmTotalPacketDurationHs2,rncfunction,20000204,20002455,pmTotalPacketDurationHs2,,msec,sum,1.0,1.0,1402.0,,RNCrncfunction,,,,,SUM,3G,,,
3G_rncfunction,3G_rncfunction_pmTotalPacketDurationHs3,ericsson,pmTotalPacketDurationHs3,rncfunction,20000204,20002456,pmTotalPacketDurationHs3,,msec,sum,1.0,1.0,1402.0,,RNCrncfunction,,,,,SUM,3G,,,
3G_rncfunction,3G_rncfunction_pmTotalPacketDurationHs4,ericsson,pmTotalPacketDurationHs4,rncfunction,20000204,20002457,pmTotalPacketDurationHs4,,msec,sum,1.0,1.0,1402.0,,RNCrncfunction,,,,,SUM,3G,,,
3G_MediumAccessUnit,3G_MediumAccessUnit_pmNoOfDot3StatsFCSErrors,ericsson,pmNoOfDot3StatsFCSErrors,MediumAccessUnit,20000056,20001034,pmNoOfDot3StatsFCSErrors,,#,sum,1.0,1.0,1402.0,,RNCMediumAccessUnit,,,,,SUM,3G,,,
3G_MediumAccessUnit,3G_MediumAccessUnit_pmNoOfDot3StatsLateCollisions,ericsson,pmNoOfDot3StatsLateCollisions,MediumAccessUnit,20000056,20001035,pmNoOfDot3StatsLateCollisions,,#,sum,1.0,1.0,1402.0,,RNCMediumAccessUnit,,,,,SUM,3G,,,
3G_Mtp2HslTpChina,3G_Mtp2HslTpChina_pmLocalSIBTime,ericsson,pmLocalSIBTime,Mtp2HslTpChina,20000172,20002127,pmLocalSIBTime,,msec,sum,1.0,1.0,1402.0,,RNCMtp2HslTpChina,,,,,SUM,3G,,,
3G_Mtp2HslTpChina,3G_Mtp2HslTpChina_pmNoOfMSUReceived,ericsson,pmNoOfMSUReceived,Mtp2HslTpChina,20000172,20002128,pmNoOfMSUReceived,,#,sum,1.0,1.0,1402.0,,RNCMtp2HslTpChina,,,,,SUM,3G,,,
3G_Mtp2HslTpChina,3G_Mtp2HslTpChina_pmNoOfMSUTransmitted,ericsson,pmNoOfMSUTransmitted,Mtp2HslTpChina,20000172,20002129,pmNoOfMSUTransmitted,,#,sum,1.0,1.0,1402.0,,RNCMtp2HslTpChina,,,,,SUM,3G,,,
3G_Mtp2HslTpChina,3G_Mtp2HslTpChina_pmNoOfNacks,ericsson,pmNoOfNacks,Mtp2HslTpChina,20000172,20002130,pmNoOfNacks,,#,sum,1.0,1.0,1402.0,,RNCMtp2HslTpChina,,,,,SUM,3G,,,
3G_Mtp2HslTpChina,3G_Mtp2HslTpChina_pmNoOfReTransmittedOctets,ericsson,pmNoOfReTransmittedOctets,Mtp2HslTpChina,20000172,20002131,pmNoOfReTransmittedOctets,,byte,sum,1.0,1.0,1402.0,,RNCMtp2HslTpChina,,,,,SUM,3G,,,
3G_Mtp2HslTpChina,3G_Mtp2HslTpChina_pmNoOfSIOSIFReceived,ericsson,pmNoOfSIOSIFReceived,Mtp2HslTpChina,20000172,20002132,pmNoOfSIOSIFReceived,,byte,sum,1.0,1.0,1402.0,,RNCMtp2HslTpChina,,,,,SUM,3G,,,
3G_Mtp2HslTpChina,3G_Mtp2HslTpChina_pmNoOfSIOSIFTransmitted,ericsson,pmNoOfSIOSIFTransmitted,Mtp2HslTpChina,20000172,20002133,pmNoOfSIOSIFTransmitted,,byte,sum,1.0,1.0,1402.0,,RNCMtp2HslTpChina,,,,,SUM,3G,,,
3G_Mtp2HslTpChina,3G_Mtp2HslTpChina_pmNoOfStartedRBCongestion,ericsson,pmNoOfStartedRBCongestion,Mtp2HslTpChina,20000172,20002134,pmNoOfStartedRBCongestion,,#,sum,1.0,1.0,1402.0,,RNCMtp2HslTpChina,,,,,SUM,3G,,,
3G_Mtp2HslTpChina,3G_Mtp2HslTpChina_pmNoOfSuReceivedInError,ericsson,pmNoOfSuReceivedInError,Mtp2HslTpChina,20000172,20002135,pmNoOfSuReceivedInError,,#,sum,1.0,1.0,1402.0,,RNCMtp2HslTpChina,,,,,SUM,3G,,,
3G_Mtp2HslTpChina,3G_Mtp2HslTpChina_pmRemoteSIBTime,ericsson,pmRemoteSIBTime,Mtp2HslTpChina,20000172,20002136,pmRemoteSIBTime,,msec,sum,1.0,1.0,1402.0,,RNCMtp2HslTpChina,,,,,SUM,3G,,,
3G_Mtp2HslTpItu,3G_Mtp2HslTpItu_pmNoOfMSUReceived,ericsson,pmNoOfMSUReceived,Mtp2HslTpItu,20000173,20002138,pmNoOfMSUReceived,,#,sum,1.0,1.0,1402.0,,RNCMtp2HslTpItu,,,,,SUM,3G,,,
3G_Mtp2HslTpItu,3G_Mtp2HslTpItu_pmNoOfMSUTransmitted,ericsson,pmNoOfMSUTransmitted,Mtp2HslTpItu,20000173,20002139,pmNoOfMSUTransmitted,,#,sum,1.0,1.0,1402.0,,RNCMtp2HslTpItu,,,,,SUM,3G,,,
3G_Mtp2HslTpItu,3G_Mtp2HslTpItu_pmNoOfNacks,ericsson,pmNoOfNacks,Mtp2HslTpItu,20000173,20002140,pmNoOfNacks,,#,sum,1.0,1.0,1402.0,,RNCMtp2HslTpItu,,,,,SUM,3G,,,
3G_Mtp2HslTpItu,3G_Mtp2HslTpItu_pmNoOfReTransmittedOctets,ericsson,pmNoOfReTransmittedOctets,Mtp2HslTpItu,20000173,20002141,pmNoOfReTransmittedOctets,,byte,sum,1.0,1.0,1402.0,,RNCMtp2HslTpItu,,,,,SUM,3G,,,
3G_Mtp2HslTpItu,3G_Mtp2HslTpItu_pmNoOfSIOSIFReceived,ericsson,pmNoOfSIOSIFReceived,Mtp2HslTpItu,20000173,20002142,pmNoOfSIOSIFReceived,,byte,sum,1.0,1.0,1402.0,,RNCMtp2HslTpItu,,,,,SUM,3G,,,
3G_Mtp2HslTpItu,3G_Mtp2HslTpItu_pmNoOfSIOSIFTransmitted,ericsson,pmNoOfSIOSIFTransmitted,Mtp2HslTpItu,20000173,20002143,pmNoOfSIOSIFTransmitted,,byte,sum,1.0,1.0,1402.0,,RNCMtp2HslTpItu,,,,,SUM,3G,,,
3G_Mtp2HslTpItu,3G_Mtp2HslTpItu_pmNoOfStartedRBCongestion,ericsson,pmNoOfStartedRBCongestion,Mtp2HslTpItu,20000173,20002144,pmNoOfStartedRBCongestion,,#,sum,1.0,1.0,1402.0,,RNCMtp2HslTpItu,,,,,SUM,3G,,,
3G_Mtp2HslTpItu,3G_Mtp2HslTpItu_pmNoOfSuReceivedInError,ericsson,pmNoOfSuReceivedInError,Mtp2HslTpItu,20000173,20002145,pmNoOfSuReceivedInError,,#,sum,1.0,1.0,1402.0,,RNCMtp2HslTpItu,,,,,SUM,3G,,,
3G_Mtp2HslTpItu,3G_Mtp2HslTpItu_pmRemoteSIBTime,ericsson,pmRemoteSIBTime,Mtp2HslTpItu,20000173,20002146,pmRemoteSIBTime,,msec,sum,1.0,1.0,1402.0,,RNCMtp2HslTpItu,,,,,SUM,3G,,,
3G_Mtp2TpChina,3G_Mtp2TpChina_pmLocalSIBTime,ericsson,pmLocalSIBTime,Mtp2TpChina,20000175,20002158,pmLocalSIBTime,,msec,sum,1.0,1.0,1402.0,,RNCMtp2TpChina,,,,,SUM,3G,,,
3G_Mtp2TpChina,3G_Mtp2TpChina_pmNoOfMSUReceived,ericsson,pmNoOfMSUReceived,Mtp2TpChina,20000175,20002159,pmNoOfMSUReceived,,#,sum,1.0,1.0,1402.0,,RNCMtp2TpChina,,,,,SUM,3G,,,
3G_Mtp2TpChina,3G_Mtp2TpChina_pmNoOfMSUTransmitted,ericsson,pmNoOfMSUTransmitted,Mtp2TpChina,20000175,20002160,pmNoOfMSUTransmitted,,#,sum,1.0,1.0,1402.0,,RNCMtp2TpChina,,,,,SUM,3G,,,
3G_Mtp2TpChina,3G_Mtp2TpChina_pmNoOfNacks,ericsson,pmNoOfNacks,Mtp2TpChina,20000175,20002161,pmNoOfNacks,,#,sum,1.0,1.0,1402.0,,RNCMtp2TpChina,,,,,SUM,3G,,,
3G_Mtp2TpChina,3G_Mtp2TpChina_pmNoOfReTransmittedOctets,ericsson,pmNoOfReTransmittedOctets,Mtp2TpChina,20000175,20002162,pmNoOfReTransmittedOctets,,byte,sum,1.0,1.0,1402.0,,RNCMtp2TpChina,,,,,SUM,3G,,,
3G_Mtp2TpChina,3G_Mtp2TpChina_pmNoOfSendBufferOctets,ericsson,pmNoOfSendBufferOctets,Mtp2TpChina,20000175,20002163,pmNoOfSendBufferOctets,,byte,sum,1.0,1.0,1402.0,,RNCMtp2TpChina,,,,,SUM,3G,,,
3G_Mtp2TpChina,3G_Mtp2TpChina_pmNoOfSIOSIFReceived,ericsson,pmNoOfSIOSIFReceived,Mtp2TpChina,20000175,20002164,pmNoOfSIOSIFReceived,,byte,sum,1.0,1.0,1402.0,,RNCMtp2TpChina,,,,,SUM,3G,,,
3G_Mtp2TpChina,3G_Mtp2TpChina_pmNoOfSIOSIFTransmitted,ericsson,pmNoOfSIOSIFTransmitted,Mtp2TpChina,20000175,20002165,pmNoOfSIOSIFTransmitted,,byte,sum,1.0,1.0,1402.0,,RNCMtp2TpChina,,,,,SUM,3G,,,
3G_Mtp2TpChina,3G_Mtp2TpChina_pmNoOfStartedRBCongestion,ericsson,pmNoOfStartedRBCongestion,Mtp2TpChina,20000175,20002166,pmNoOfStartedRBCongestion,,#,sum,1.0,1.0,1402.0,,RNCMtp2TpChina,,,,,SUM,3G,,,
3G_Mtp2TpChina,3G_Mtp2TpChina_pmNoOfSuReceivedInError,ericsson,pmNoOfSuReceivedInError,Mtp2TpChina,20000175,20002167,pmNoOfSuReceivedInError,,#,sum,1.0,1.0,1402.0,,RNCMtp2TpChina,,,,,SUM,3G,,,
3G_Mtp2TpChina,3G_Mtp2TpChina_pmRemoteSIBTime,ericsson,pmRemoteSIBTime,Mtp2TpChina,20000175,20002168,pmRemoteSIBTime,,msec,sum,1.0,1.0,1402.0,,RNCMtp2TpChina,,,,,SUM,3G,,,
3G_Mtp2TpItu,3G_Mtp2TpItu_pmLocalSIBTime,ericsson,pmLocalSIBTime,Mtp2TpItu,20000057,20001036,pmLocalSIBTime,,msec,sum,1.0,1.0,1402.0,,RNCMtp2TpItu,,,,,SUM,3G,,,
3G_Mtp2TpItu,3G_Mtp2TpItu_pmNoOfMSUReceived,ericsson,pmNoOfMSUReceived,Mtp2TpItu,20000057,20001037,pmNoOfMSUReceived,,#,sum,1.0,1.0,1402.0,,RNCMtp2TpItu,,,,,SUM,3G,,,
3G_Mtp2TpItu,3G_Mtp2TpItu_pmNoOfMSUTransmitted,ericsson,pmNoOfMSUTransmitted,Mtp2TpItu,20000057,20001038,pmNoOfMSUTransmitted,,#,sum,1.0,1.0,1402.0,,RNCMtp2TpItu,,,,,SUM,3G,,,
3G_Mtp2TpItu,3G_Mtp2TpItu_pmNoOfNacks,ericsson,pmNoOfNacks,Mtp2TpItu,20000057,20001039,pmNoOfNacks,,#,sum,1.0,1.0,1402.0,,RNCMtp2TpItu,,,,,SUM,3G,,,
3G_Mtp2TpItu,3G_Mtp2TpItu_pmNoOfReTransmittedOctets,ericsson,pmNoOfReTransmittedOctets,Mtp2TpItu,20000057,20001040,pmNoOfReTransmittedOctets,,byte,sum,1.0,1.0,1402.0,,RNCMtp2TpItu,,,,,SUM,3G,,,
3G_Mtp2TpItu,3G_Mtp2TpItu_pmNoOfSendBufferOctets,ericsson,pmNoOfSendBufferOctets,Mtp2TpItu,20000057,20001041,pmNoOfSendBufferOctets,,byte,avg,1.0,1.0,1402.0,,RNCMtp2TpItu,,,,,AVG,3G,,,
3G_Mtp2TpItu,3G_Mtp2TpItu_pmNoOfSIOSIFReceived,ericsson,pmNoOfSIOSIFReceived,Mtp2TpItu,20000057,20001042,pmNoOfSIOSIFReceived,,byte,sum,1.0,1.0,1402.0,,RNCMtp2TpItu,,,,,SUM,3G,,,
3G_Mtp2TpItu,3G_Mtp2TpItu_pmNoOfSIOSIFTransmitted,ericsson,pmNoOfSIOSIFTransmitted,Mtp2TpItu,20000057,20001043,pmNoOfSIOSIFTransmitted,,byte,sum,1.0,1.0,1402.0,,RNCMtp2TpItu,,,,,SUM,3G,,,
3G_Mtp2TpItu,3G_Mtp2TpItu_pmNoOfStartedRBCongestion,ericsson,pmNoOfStartedRBCongestion,Mtp2TpItu,20000057,20001044,pmNoOfStartedRBCongestion,,#,sum,1.0,1.0,1402.0,,RNCMtp2TpItu,,,,,SUM,3G,,,
3G_Mtp2TpItu,3G_Mtp2TpItu_pmNoOfSuReceivedInError,ericsson,pmNoOfSuReceivedInError,Mtp2TpItu,20000057,20001045,pmNoOfSuReceivedInError,,#,sum,1.0,1.0,1402.0,,RNCMtp2TpItu,,,,,SUM,3G,,,
3G_Mtp2TpItu,3G_Mtp2TpItu_pmRemoteSIBTime,ericsson,pmRemoteSIBTime,Mtp2TpItu,20000057,20001046,pmRemoteSIBTime,,msec,sum,1.0,1.0,1402.0,,RNCMtp2TpItu,,,,,SUM,3G,,,
3G_Mtp2TpTtc,3G_Mtp2TpTtc_pmLocalSIBTime,ericsson,pmLocalSIBTime,Mtp2TpTtc,20000177,20002180,pmLocalSIBTime,,msec,sum,1.0,1.0,1402.0,,RNCMtp2TpTtc,,,,,SUM,3G,,,
3G_Mtp2TpTtc,3G_Mtp2TpTtc_pmNoOfMSUReceived,ericsson,pmNoOfMSUReceived,Mtp2TpTtc,20000177,20002181,pmNoOfMSUReceived,,#,sum,1.0,1.0,1402.0,,RNCMtp2TpTtc,,,,,SUM,3G,,,
3G_Mtp2TpTtc,3G_Mtp2TpTtc_pmNoOfMSUTransmitted,ericsson,pmNoOfMSUTransmitted,Mtp2TpTtc,20000177,20002182,pmNoOfMSUTransmitted,,#,sum,1.0,1.0,1402.0,,RNCMtp2TpTtc,,,,,SUM,3G,,,
3G_Mtp2TpTtc,3G_Mtp2TpTtc_pmNoOfNacks,ericsson,pmNoOfNacks,Mtp2TpTtc,20000177,20002183,pmNoOfNacks,,#,sum,1.0,1.0,1402.0,,RNCMtp2TpTtc,,,,,SUM,3G,,,
3G_Mtp2TpTtc,3G_Mtp2TpTtc_pmNoOfReTransmittedOctets,ericsson,pmNoOfReTransmittedOctets,Mtp2TpTtc,20000177,20002184,pmNoOfReTransmittedOctets,,byte,sum,1.0,1.0,1402.0,,RNCMtp2TpTtc,,,,,SUM,3G,,,
3G_Mtp2TpTtc,3G_Mtp2TpTtc_pmNoOfSendBufferOctets,ericsson,pmNoOfSendBufferOctets,Mtp2TpTtc,20000177,20002185,pmNoOfSendBufferOctets,,byte,sum,1.0,1.0,1402.0,,RNCMtp2TpTtc,,,,,SUM,3G,,,
3G_Mtp2TpTtc,3G_Mtp2TpTtc_pmNoOfSIOSIFReceived,ericsson,pmNoOfSIOSIFReceived,Mtp2TpTtc,20000177,20002186,pmNoOfSIOSIFReceived,,byte,sum,1.0,1.0,1402.0,,RNCMtp2TpTtc,,,,,SUM,3G,,,
3G_Mtp2TpTtc,3G_Mtp2TpTtc_pmNoOfSIOSIFTransmitted,ericsson,pmNoOfSIOSIFTransmitted,Mtp2TpTtc,20000177,20002187,pmNoOfSIOSIFTransmitted,,byte,sum,1.0,1.0,1402.0,,RNCMtp2TpTtc,,,,,SUM,3G,,,
3G_Mtp2TpTtc,3G_Mtp2TpTtc_pmNoOfStartedRBCongestion,ericsson,pmNoOfStartedRBCongestion,Mtp2TpTtc,20000177,20002188,pmNoOfStartedRBCongestion,,#,sum,1.0,1.0,1402.0,,RNCMtp2TpTtc,,,,,SUM,3G,,,
3G_Mtp2TpTtc,3G_Mtp2TpTtc_pmNoOfSuReceivedInError,ericsson,pmNoOfSuReceivedInError,Mtp2TpTtc,20000177,20002189,pmNoOfSuReceivedInError,,#,sum,1.0,1.0,1402.0,,RNCMtp2TpTtc,,,,,SUM,3G,,,
3G_Mtp2TpTtc,3G_Mtp2TpTtc_pmRemoteSIBTime,ericsson,pmRemoteSIBTime,Mtp2TpTtc,20000177,20002190,pmRemoteSIBTime,,msec,sum,1.0,1.0,1402.0,,RNCMtp2TpTtc,,,,,SUM,3G,,,
3G_Mtp3bAp,3G_Mtp3bAp_pmNoOfAdjacentSPNotAccessible,ericsson,pmNoOfAdjacentSPNotAccessible,Mtp3bAp,20000058,20001047,pmNoOfAdjacentSPNotAccessible,,#,sum,1.0,1.0,1402.0,,RNCMtp3bAp,,,,,SUM,3G,,,
3G_Mtp3bAp,3G_Mtp3bAp_pmNoOfUserPartUnavailRec,ericsson,pmNoOfUserPartUnavailRec,Mtp3bAp,20000058,20001048,pmNoOfUserPartUnavailRec,,#,sum,1.0,1.0,1402.0,,RNCMtp3bAp,,,,,SUM,3G,,,
3G_Mtp3bSlItu,3G_Mtp3bSlItu_pmNoOfAALINServiceInd,ericsson,pmNoOfAALINServiceInd,Mtp3bSlItu,20000060,20001058,pmNoOfAALINServiceInd,,#,sum,1.0,1.0,1402.0,,RNCMtp3bSlItu,,,,,SUM,3G,,,
3G_Mtp3bSlItu,3G_Mtp3bSlItu_pmNoOfAALOUTInd,ericsson,pmNoOfAALOUTInd,Mtp3bSlItu,20000060,20001059,pmNoOfAALOUTInd,,#,sum,1.0,1.0,1402.0,,RNCMtp3bSlItu,,,,,SUM,3G,,,
3G_Mtp3bSlItu,3G_Mtp3bSlItu_pmNoOfLocalLinkCongestRec,ericsson,pmNoOfLocalLinkCongestRec,Mtp3bSlItu,20000060,20001062,pmNoOfLocalLinkCongestRec,,#,sum,1.0,1.0,1402.0,,RNCMtp3bSlItu,,,,,SUM,3G,,,
3G_Mtp3bSlItu,3G_Mtp3bSlItu_pmNoOfMSURec,ericsson,pmNoOfMSURec,Mtp3bSlItu,20000060,20001063,pmNoOfMSURec,,#,sum,1.0,1.0,1402.0,,RNCMtp3bSlItu,,,,,SUM,3G,,,
3G_Mtp3bSlItu,3G_Mtp3bSlItu_pmNoOfMSUSent,ericsson,pmNoOfMSUSent,Mtp3bSlItu,20000060,20001064,pmNoOfMSUSent,,#,sum,1.0,1.0,1402.0,,RNCMtp3bSlItu,,,,,SUM,3G,,,
3G_Mtp3bSlItu,3G_Mtp3bSlItu_pmNoOfRecUserData,ericsson,pmNoOfRecUserData,Mtp3bSlItu,20000060,20001065,pmNoOfRecUserData,,kbyte,sum,1.0,1.0,1402.0,,RNCMtp3bSlItu,,,,,SUM,3G,,,
3G_Mtp3bSlItu,3G_Mtp3bSlItu_pmNoOfSentUserData,ericsson,pmNoOfSentUserData,Mtp3bSlItu,20000060,20001066,pmNoOfSentUserData,,kbyte,sum,1.0,1.0,1402.0,,RNCMtp3bSlItu,,,,,SUM,3G,,,
3G_Mtp3bSlTtc,3G_Mtp3bSlTtc_pmNoOfAALINServiceInd,ericsson,pmNoOfAALINServiceInd,Mtp3bSlTtc,20000181,20002211,pmNoOfAALINServiceInd,,#,sum,1.0,1.0,1402.0,,RNCMtp3bSlTtc,,,,,SUM,3G,,,
3G_Mtp3bSlTtc,3G_Mtp3bSlTtc_pmNoOfAALOUTInd,ericsson,pmNoOfAALOUTInd,Mtp3bSlTtc,20000181,20002212,pmNoOfAALOUTInd,,#,sum,1.0,1.0,1402.0,,RNCMtp3bSlTtc,,,,,SUM,3G,,,
3G_Mtp3bSlTtc,3G_Mtp3bSlTtc_pmNoOfCBDSent,ericsson,pmNoOfCBDSent,Mtp3bSlTtc,20000181,20002213,pmNoOfCBDSent,,#,sum,1.0,1.0,1402.0,,RNCMtp3bSlTtc,,,,,SUM,3G,,,
3G_Mtp3bSlTtc,3G_Mtp3bSlTtc_pmNoOfCOOXCOSent,ericsson,pmNoOfCOOXCOSent,Mtp3bSlTtc,20000181,20002214,pmNoOfCOOXCOSent,,#,sum,1.0,1.0,1402.0,,RNCMtp3bSlTtc,,,,,SUM,3G,,,
3G_Mtp3bSlTtc,3G_Mtp3bSlTtc_pmNoOfLocalLinkCongestCeaseRec,ericsson,pmNoOfLocalLinkCongestCeaseRec,Mtp3bSlTtc,20000181,20002215,pmNoOfLocalLinkCongestCeaseRec,,#,sum,1.0,1.0,1402.0,,RNCMtp3bSlTtc,,,,,SUM,3G,,,
3G_Mtp3bSlTtc,3G_Mtp3bSlTtc_pmNoOfLocalLinkCongestRec,ericsson,pmNoOfLocalLinkCongestRec,Mtp3bSlTtc,20000181,20002216,pmNoOfLocalLinkCongestRec,,#,sum,1.0,1.0,1402.0,,RNCMtp3bSlTtc,,,,,SUM,3G,,,
3G_Mtp3bSlTtc,3G_Mtp3bSlTtc_pmNoOfMSURec,ericsson,pmNoOfMSURec,Mtp3bSlTtc,20000181,20002217,pmNoOfMSURec,,#,sum,1.0,1.0,1402.0,,RNCMtp3bSlTtc,,,,,SUM,3G,,,
3G_Mtp3bSlTtc,3G_Mtp3bSlTtc_pmNoOfMSUSent,ericsson,pmNoOfMSUSent,Mtp3bSlTtc,20000181,20002218,pmNoOfMSUSent,,#,sum,1.0,1.0,1402.0,,RNCMtp3bSlTtc,,,,,SUM,3G,,,
3G_Mtp3bSlTtc,3G_Mtp3bSlTtc_pmNoOfRecUserData,ericsson,pmNoOfRecUserData,Mtp3bSlTtc,20000181,20002219,pmNoOfRecUserData,,kbyte,sum,1.0,1.0,1402.0,,RNCMtp3bSlTtc,,,,,SUM,3G,,,
3G_Mtp3bSlTtc,3G_Mtp3bSlTtc_pmNoOfSentUserData,ericsson,pmNoOfSentUserData,Mtp3bSlTtc,20000181,20002220,pmNoOfSentUserData,,kbyte,sum,1.0,1.0,1402.0,,RNCMtp3bSlTtc,,,,,SUM,3G,,,
3G_Mtp3bSpChina,3G_Mtp3bSpChina_pmNoOfCBARec,ericsson,pmNoOfCBARec,Mtp3bSpChina,20000183,20002246,pmNoOfCBARec,,#,sum,1.0,1.0,1402.0,,RNCMtp3bSpChina,,,,,SUM,3G,,,
3G_Mtp3bSpChina,3G_Mtp3bSpChina_pmNoOfCBASent,ericsson,pmNoOfCBASent,Mtp3bSpChina,20000183,20002247,pmNoOfCBASent,,#,sum,1.0,1.0,1402.0,,RNCMtp3bSpChina,,,,,SUM,3G,,,
3G_Mtp3bSpChina,3G_Mtp3bSpChina_pmNoOfChangeBackDeclRec,ericsson,pmNoOfChangeBackDeclRec,Mtp3bSpChina,20000183,20002248,pmNoOfChangeBackDeclRec,,#,sum,1.0,1.0,1402.0,,RNCMtp3bSpChina,,,,,SUM,3G,,,
3G_Mtp3bSpChina,3G_Mtp3bSpChina_pmNoOfChangeOverRec,ericsson,pmNoOfChangeOverRec,Mtp3bSpChina,20000183,20002249,pmNoOfChangeOverRec,,#,sum,1.0,1.0,1402.0,,RNCMtp3bSpChina,,,,,SUM,3G,,,
3G_Mtp3bSpChina,3G_Mtp3bSpChina_pmNoOfCOAXCARec,ericsson,pmNoOfCOAXCARec,Mtp3bSpChina,20000183,20002250,pmNoOfCOAXCARec,,#,sum,1.0,1.0,1402.0,,RNCMtp3bSpChina,,,,,SUM,3G,,,
3G_Mtp3bSpChina,3G_Mtp3bSpChina_pmNoOfCOAXCASent,ericsson,pmNoOfCOAXCASent,Mtp3bSpChina,20000183,20002251,pmNoOfCOAXCASent,,#,sum,1.0,1.0,1402.0,,RNCMtp3bSpChina,,,,,SUM,3G,,,
3G_Mtp3bSpChina,3G_Mtp3bSpChina_pmNoOfECARec,ericsson,pmNoOfECARec,Mtp3bSpChina,20000183,20002252,pmNoOfECARec,,#,sum,1.0,1.0,1402.0,,RNCMtp3bSpChina,,,,,SUM,3G,,,
3G_Mtp3bSpChina,3G_Mtp3bSpChina_pmNoOfECASent,ericsson,pmNoOfECASent,Mtp3bSpChina,20000183,20002253,pmNoOfECASent,,#,sum,1.0,1.0,1402.0,,RNCMtp3bSpChina,,,,,SUM,3G,,,
3G_Mtp3bSpChina,3G_Mtp3bSpChina_pmNoOfECOSent,ericsson,pmNoOfECOSent,Mtp3bSpChina,20000183,20002254,pmNoOfECOSent,,#,sum,1.0,1.0,1402.0,,RNCMtp3bSpChina,,,,,SUM,3G,,,
3G_Mtp3bSpChina,3G_Mtp3bSpChina_pmNoOfEmergencyChangeOverRec,ericsson,pmNoOfEmergencyChangeOverRec,Mtp3bSpChina,20000183,20002255,pmNoOfEmergencyChangeOverRec,,#,sum,1.0,1.0,1402.0,,RNCMtp3bSpChina,,,,,SUM,3G,,,
3G_Mtp3bSpChina,3G_Mtp3bSpChina_pmNoOfLowerPrioMsgDiscarded,ericsson,pmNoOfLowerPrioMsgDiscarded,Mtp3bSpChina,20000183,20002256,pmNoOfLowerPrioMsgDiscarded,,#,sum,1.0,1.0,1402.0,,RNCMtp3bSpChina,,,,,SUM,3G,,,
3G_Mtp3bSpChina,3G_Mtp3bSpChina_pmNoOfSctpAssociationRestart,ericsson,pmNoOfSctpAssociationRestart,Mtp3bSpChina,20000183,20002257,pmNoOfSctpAssociationRestart,,#,sum,1.0,1.0,1402.0,,RNCMtp3bSpChina,,,,,SUM,3G,,,
3G_Mtp3bSpChina,3G_Mtp3bSpChina_pmNoOfSctpBufOverflow,ericsson,pmNoOfSctpBufOverflow,Mtp3bSpChina,20000183,20002258,pmNoOfSctpBufOverflow,,#,sum,1.0,1.0,1402.0,,RNCMtp3bSpChina,,,,,SUM,3G,,,
3G_Mtp3bSpChina,3G_Mtp3bSpChina_pmNoOfSctpCommunicationErr,ericsson,pmNoOfSctpCommunicationErr,Mtp3bSpChina,20000183,20002259,pmNoOfSctpCommunicationErr,,#,sum,1.0,1.0,1402.0,,RNCMtp3bSpChina,,,,,SUM,3G,,,
3G_Mtp3bSpChina,3G_Mtp3bSpChina_pmNoOfSctpNetworkStatusChange,ericsson,pmNoOfSctpNetworkStatusChange,Mtp3bSpChina,20000183,20002260,pmNoOfSctpNetworkStatusChange,,#,sum,1.0,1.0,1402.0,,RNCMtp3bSpChina,,,,,SUM,3G,,,
3G_Mtp3bSpChina,3G_Mtp3bSpChina_pmNoOfSctpResumeSending,ericsson,pmNoOfSctpResumeSending,Mtp3bSpChina,20000183,20002261,pmNoOfSctpResumeSending,,#,sum,1.0,1.0,1402.0,,RNCMtp3bSpChina,,,,,SUM,3G,,,
3G_Mtp3bSpChina,3G_Mtp3bSpChina_pmNoOfSctpSendFailure,ericsson,pmNoOfSctpSendFailure,Mtp3bSpChina,20000183,20002262,pmNoOfSctpSendFailure,,#,sum,1.0,1.0,1402.0,,RNCMtp3bSpChina,,,,,SUM,3G,,,
3G_Mtp3bSpChina,3G_Mtp3bSpChina_pmNoOfSLTAFirstTimeOutRec,ericsson,pmNoOfSLTAFirstTimeOutRec,Mtp3bSpChina,20000183,20002263,pmNoOfSLTAFirstTimeOutRec,,#,sum,1.0,1.0,1402.0,,RNCMtp3bSpChina,,,,,SUM,3G,,,
3G_Mtp3bSpChina,3G_Mtp3bSpChina_pmNoOfSLTASecondTimeOutRec,ericsson,pmNoOfSLTASecondTimeOutRec,Mtp3bSpChina,20000183,20002264,pmNoOfSLTASecondTimeOutRec,,#,sum,1.0,1.0,1402.0,,RNCMtp3bSpChina,,,,,SUM,3G,,,
3G_Mtp3bSpChina,3G_Mtp3bSpChina_pmNoOfSuccessAssocAbort,ericsson,pmNoOfSuccessAssocAbort,Mtp3bSpChina,20000183,20002265,pmNoOfSuccessAssocAbort,,#,sum,1.0,1.0,1402.0,,RNCMtp3bSpChina,,,,,SUM,3G,,,
3G_Mtp3bSpChina,3G_Mtp3bSpChina_pmNoOfSuccessAssocEstablish,ericsson,pmNoOfSuccessAssocEstablish,Mtp3bSpChina,20000183,20002266,pmNoOfSuccessAssocEstablish,,#,sum,1.0,1.0,1402.0,,RNCMtp3bSpChina,,,,,SUM,3G,,,
3G_Mtp3bSpChina,3G_Mtp3bSpChina_pmNoOfTimerT21WasStarted,ericsson,pmNoOfTimerT21WasStarted,Mtp3bSpChina,20000183,20002267,pmNoOfTimerT21WasStarted,,#,sum,1.0,1.0,1402.0,,RNCMtp3bSpChina,,,,,SUM,3G,,,
3G_Mtp3bSpChina,3G_Mtp3bSpChina_pmNoOfTRARec,ericsson,pmNoOfTRARec,Mtp3bSpChina,20000183,20002268,pmNoOfTRARec,,#,sum,1.0,1.0,1402.0,,RNCMtp3bSpChina,,,,,SUM,3G,,,
3G_Mtp3bSpChina,3G_Mtp3bSpChina_pmNoOfTRASent,ericsson,pmNoOfTRASent,Mtp3bSpChina,20000183,20002269,pmNoOfTRASent,,#,sum,1.0,1.0,1402.0,,RNCMtp3bSpChina,,,,,SUM,3G,,,
3G_SccpSP,3G_SccpSP_pmNoOfLUDTRec,ericsson,pmNoOfLUDTRec,SccpSP,20000083,20001241,pmNoOfLUDTRec,,#,sum,1.0,1.0,1402.0,,RNCSccpSP,,,,,SUM,3G,,,
3G_Mtp3bSpChina,3G_Mtp3bSpChina_pmNoOfUnsuccessAssocEstablish,ericsson,pmNoOfUnsuccessAssocEstablish,Mtp3bSpChina,20000183,20002270,pmNoOfUnsuccessAssocEstablish,,#,sum,1.0,1.0,1402.0,,RNCMtp3bSpChina,,,,,SUM,3G,,,
3G_Mtp3bSpItu,3G_Mtp3bSpItu_pmNoOfCBASent,ericsson,pmNoOfCBASent,Mtp3bSpItu,20000062,20001093,pmNoOfCBASent,,#,sum,1.0,1.0,1402.0,,RNCMtp3bSpItu,,,,,SUM,3G,,,
3G_Mtp3bSpItu,3G_Mtp3bSpItu_pmNoOfChangeBackDeclRec,ericsson,pmNoOfChangeBackDeclRec,Mtp3bSpItu,20000062,20001094,pmNoOfChangeBackDeclRec,,#,sum,1.0,1.0,1402.0,,RNCMtp3bSpItu,,,,,SUM,3G,,,
3G_Mtp3bSpItu,3G_Mtp3bSpItu_pmNoOfChangeOverRec,ericsson,pmNoOfChangeOverRec,Mtp3bSpItu,20000062,20001095,pmNoOfChangeOverRec,,#,sum,1.0,1.0,1402.0,,RNCMtp3bSpItu,,,,,SUM,3G,,,
3G_Mtp3bSpItu,3G_Mtp3bSpItu_pmNoOfCOAXCARec,ericsson,pmNoOfCOAXCARec,Mtp3bSpItu,20000062,20001096,pmNoOfCOAXCARec,,#,sum,1.0,1.0,1402.0,,RNCMtp3bSpItu,,,,,SUM,3G,,,
3G_Mtp3bSpItu,3G_Mtp3bSpItu_pmNoOfCOAXCASent,ericsson,pmNoOfCOAXCASent,Mtp3bSpItu,20000062,20001097,pmNoOfCOAXCASent,,#,sum,1.0,1.0,1402.0,,RNCMtp3bSpItu,,,,,SUM,3G,,,
3G_Mtp3bSpItu,3G_Mtp3bSpItu_pmNoOfECARec,ericsson,pmNoOfECARec,Mtp3bSpItu,20000062,20001098,pmNoOfECARec,,#,sum,1.0,1.0,1402.0,,RNCMtp3bSpItu,,,,,SUM,3G,,,
3G_Mtp3bSpItu,3G_Mtp3bSpItu_pmNoOfEmergencyChangeOverRec,ericsson,pmNoOfEmergencyChangeOverRec,Mtp3bSpItu,20000062,20001101,pmNoOfEmergencyChangeOverRec,,#,sum,1.0,1.0,1402.0,,RNCMtp3bSpItu,,,,,SUM,3G,,,
3G_Mtp3bSpItu,3G_Mtp3bSpItu_pmNoOfLowerPrioMsgDiscarded,ericsson,pmNoOfLowerPrioMsgDiscarded,Mtp3bSpItu,20000062,20001102,pmNoOfLowerPrioMsgDiscarded,,#,sum,1.0,1.0,1402.0,,RNCMtp3bSpItu,,,,,SUM,3G,,,
3G_Mtp3bSpItu,3G_Mtp3bSpItu_pmNoOfSctpAssociationRestart,ericsson,pmNoOfSctpAssociationRestart,Mtp3bSpItu,20000062,20001103,pmNoOfSctpAssociationRestart,,#,sum,1.0,1.0,1402.0,,RNCMtp3bSpItu,,,,,SUM,3G,,,
3G_Mtp3bSpItu,3G_Mtp3bSpItu_pmNoOfSctpBufOverflow,ericsson,pmNoOfSctpBufOverflow,Mtp3bSpItu,20000062,20001104,pmNoOfSctpBufOverflow,,#,sum,1.0,1.0,1402.0,,RNCMtp3bSpItu,,,,,SUM,3G,,,
3G_Mtp3bSpItu,3G_Mtp3bSpItu_pmNoOfSctpCommunicationErr,ericsson,pmNoOfSctpCommunicationErr,Mtp3bSpItu,20000062,20001105,pmNoOfSctpCommunicationErr,,#,sum,1.0,1.0,1402.0,,RNCMtp3bSpItu,,,,,SUM,3G,,,
3G_Mtp3bSpItu,3G_Mtp3bSpItu_pmNoOfSctpNetworkStatusChange,ericsson,pmNoOfSctpNetworkStatusChange,Mtp3bSpItu,20000062,20001106,pmNoOfSctpNetworkStatusChange,,#,sum,1.0,1.0,1402.0,,RNCMtp3bSpItu,,,,,SUM,3G,,,
3G_Mtp3bSpItu,3G_Mtp3bSpItu_pmNoOfSctpResumeSending,ericsson,pmNoOfSctpResumeSending,Mtp3bSpItu,20000062,20001107,pmNoOfSctpResumeSending,,#,sum,1.0,1.0,1402.0,,RNCMtp3bSpItu,,,,,SUM,3G,,,
3G_Mtp3bSpItu,3G_Mtp3bSpItu_pmNoOfSctpSendFailure,ericsson,pmNoOfSctpSendFailure,Mtp3bSpItu,20000062,20001108,pmNoOfSctpSendFailure,,#,sum,1.0,1.0,1402.0,,RNCMtp3bSpItu,,,,,SUM,3G,,,
3G_Mtp3bSpItu,3G_Mtp3bSpItu_pmNoOfSLTAFirstTimeOutRec,ericsson,pmNoOfSLTAFirstTimeOutRec,Mtp3bSpItu,20000062,20001109,pmNoOfSLTAFirstTimeOutRec,,#,sum,1.0,1.0,1402.0,,RNCMtp3bSpItu,,,,,SUM,3G,,,
3G_Mtp3bSpItu,3G_Mtp3bSpItu_pmNoOfSLTASecondTimeOutRec,ericsson,pmNoOfSLTASecondTimeOutRec,Mtp3bSpItu,20000062,20001110,pmNoOfSLTASecondTimeOutRec,,#,sum,1.0,1.0,1402.0,,RNCMtp3bSpItu,,,,,SUM,3G,,,
3G_Mtp3bSpItu,3G_Mtp3bSpItu_pmNoOfSuccessAssocAbort,ericsson,pmNoOfSuccessAssocAbort,Mtp3bSpItu,20000062,20001111,pmNoOfSuccessAssocAbort,,#,sum,1.0,1.0,1402.0,,RNCMtp3bSpItu,,,,,SUM,3G,,,
3G_Mtp3bSpItu,3G_Mtp3bSpItu_pmNoOfSuccessAssocEstablish,ericsson,pmNoOfSuccessAssocEstablish,Mtp3bSpItu,20000062,20001112,pmNoOfSuccessAssocEstablish,,#,sum,1.0,1.0,1402.0,,RNCMtp3bSpItu,,,,,SUM,3G,,,
3G_Mtp3bSpItu,3G_Mtp3bSpItu_pmNoOfTimerT21WasStarted,ericsson,pmNoOfTimerT21WasStarted,Mtp3bSpItu,20000062,20001113,pmNoOfTimerT21WasStarted,,#,sum,1.0,1.0,1402.0,,RNCMtp3bSpItu,,,,,SUM,3G,,,
3G_Mtp3bSpItu,3G_Mtp3bSpItu_pmNoOfTRARec,ericsson,pmNoOfTRARec,Mtp3bSpItu,20000062,20001114,pmNoOfTRARec,,#,sum,1.0,1.0,1402.0,,RNCMtp3bSpItu,,,,,SUM,3G,,,
3G_Mtp3bSpItu,3G_Mtp3bSpItu_pmNoOfTRASent,ericsson,pmNoOfTRASent,Mtp3bSpItu,20000062,20001115,pmNoOfTRASent,,#,sum,1.0,1.0,1402.0,,RNCMtp3bSpItu,,,,,SUM,3G,,,
3G_Mtp3bSpItu,3G_Mtp3bSpItu_pmNoOfUnsuccessAssocEstablish,ericsson,pmNoOfUnsuccessAssocEstablish,Mtp3bSpItu,20000062,20001116,pmNoOfUnsuccessAssocEstablish,,#,sum,1.0,1.0,1402.0,,RNCMtp3bSpItu,,,,,SUM,3G,,,
3G_Mtp3bSrs,3G_Mtp3bSrs_pmNoOfTransferAllowedRec,ericsson,pmNoOfTransferAllowedRec,Mtp3bSrs,20000064,20001138,pmNoOfTransferAllowedRec,,#,sum,1.0,1.0,1402.0,,RNCMtp3bSrs,,,,,SUM,3G,,,
3G_Mtp3bSrs,3G_Mtp3bSrs_pmNoOfTransferControlledRec,ericsson,pmNoOfTransferControlledRec,Mtp3bSrs,20000064,20001139,pmNoOfTransferControlledRec,,#,sum,1.0,1.0,1402.0,,RNCMtp3bSrs,,,,,SUM,3G,,,
3G_Mtp3bSrs,3G_Mtp3bSrs_pmNoOfTransferProhibitedRec,ericsson,pmNoOfTransferProhibitedRec,Mtp3bSrs,20000064,20001140,pmNoOfTransferProhibitedRec,,#,sum,1.0,1.0,1402.0,,RNCMtp3bSrs,,,,,SUM,3G,,,
3G_NnisaalTP,3G_NnisaalTP_pmLinkInServiceTime,ericsson,pmLinkInServiceTime,NnisaalTP,20000065,20001141,pmLinkInServiceTime,,sec,sum,1.0,1.0,1402.0,,RNCNnisaalTP,,,,,SUM,3G,,,
3G_NnisaalTP,3G_NnisaalTP_pmNoOfAlignmentFailures,ericsson,pmNoOfAlignmentFailures,NnisaalTP,20000065,20001142,pmNoOfAlignmentFailures,,#,sum,1.0,1.0,1402.0,,RNCNnisaalTP,,,,,SUM,3G,,,
3G_NnisaalTP,3G_NnisaalTP_pmNoOfAllSLFailures,ericsson,pmNoOfAllSLFailures,NnisaalTP,20000065,20001143,pmNoOfAllSLFailures,,#,sum,1.0,1.0,1402.0,,RNCNnisaalTP,,,,,SUM,3G,,,
3G_NnisaalTP,3G_NnisaalTP_pmNoOfLocalCongestions,ericsson,pmNoOfLocalCongestions,NnisaalTP,20000065,20001144,pmNoOfLocalCongestions,,#,sum,1.0,1.0,1402.0,,RNCNnisaalTP,,,,,SUM,3G,,,
3G_NnisaalTP,3G_NnisaalTP_pmNoOfNoResponses,ericsson,pmNoOfNoResponses,NnisaalTP,20000065,20001145,pmNoOfNoResponses,,#,sum,1.0,1.0,1402.0,,RNCNnisaalTP,,,,,SUM,3G,,,
3G_NnisaalTP,3G_NnisaalTP_pmNoOfOtherErrors,ericsson,pmNoOfOtherErrors,NnisaalTP,20000065,20001146,pmNoOfOtherErrors,,#,sum,1.0,1.0,1402.0,,RNCNnisaalTP,,,,,SUM,3G,,,
3G_NnisaalTP,3G_NnisaalTP_pmNoOfProtocolErrors,ericsson,pmNoOfProtocolErrors,NnisaalTP,20000065,20001147,pmNoOfProtocolErrors,,#,sum,1.0,1.0,1402.0,,RNCNnisaalTP,,,,,SUM,3G,,,
3G_NnisaalTP,3G_NnisaalTP_pmNoOfReceivedSDUs,ericsson,pmNoOfReceivedSDUs,NnisaalTP,20000065,20001148,pmNoOfReceivedSDUs,,#,sum,1.0,1.0,1402.0,,RNCNnisaalTP,,,,,SUM,3G,,,
3G_NnisaalTP,3G_NnisaalTP_pmNoOfRemoteCongestions,ericsson,pmNoOfRemoteCongestions,NnisaalTP,20000065,20001149,pmNoOfRemoteCongestions,,#,sum,1.0,1.0,1402.0,,RNCNnisaalTP,,,,,SUM,3G,,,
2G_NECELLREL,2G_NECELLREL_HOVERSUC,ericsson,HOVERSUC,NECELLREL,20000487,20006528,HOVERSUC,,,,,,,,,,,,,,2G,,,
3G_NnisaalTP,3G_NnisaalTP_pmNoOfSentSDUs,ericsson,pmNoOfSentSDUs,NnisaalTP,20000065,20001150,pmNoOfSentSDUs,,#,sum,1.0,1.0,1402.0,,RNCNnisaalTP,,,,,SUM,3G,,,
3G_NnisaalTP,3G_NnisaalTP_pmNoOfSequenceDataLosses,ericsson,pmNoOfSequenceDataLosses,NnisaalTP,20000065,20001151,pmNoOfSequenceDataLosses,,#,sum,1.0,1.0,1402.0,,RNCNnisaalTP,,,,,SUM,3G,,,
3G_NnisaalTP,3G_NnisaalTP_pmNoOfUnsuccReTransmissions,ericsson,pmNoOfUnsuccReTransmissions,NnisaalTP,20000065,20001152,pmNoOfUnsuccReTransmissions,,#,sum,1.0,1.0,1402.0,,RNCNnisaalTP,,,,,SUM,3G,,,
3G_NodeSynch_V,3G_NodeSynch_V_pmIubLinkDynamicDelay,ericsson,pmIubLinkDynamicDelay,NodeSynch_V,20000189,20002334,pmIubLinkDynamicDelay,,#,sum,1.0,1.0,1402.0,,RNCNodeSynch_V,,,,,SUM,3G,,,
3G_NodeSynch,3G_NodeSynch_pmIubLinkDynamicDelayMax,ericsson,pmIubLinkDynamicDelayMax,NodeSynch,20000188,20002332,pmIubLinkDynamicDelayMax,,msec,avg,1.0,1.0,1402.0,,RNCNodeSynch,,,,,AVG,3G,,,
3G_NodeSynch,3G_NodeSynch_pmIubLinkStaticDelay,ericsson,pmIubLinkStaticDelay,NodeSynch,20000188,20002333,pmIubLinkStaticDelay,,msec,avg,1.0,1.0,1402.0,,RNCNodeSynch,,,,,AVG,3G,,,
3G_Os155SpiTtp,3G_Os155SpiTtp_pmMsBbe,ericsson,pmMsBbe,Os155SpiTtp,20000067,20001156,pmMsBbe,,#,sum,1.0,1.0,1402.0,,RNCOs155SpiTtp,,,,,SUM,3G,,,
3G_Os155SpiTtp,3G_Os155SpiTtp_pmMsEs,ericsson,pmMsEs,Os155SpiTtp,20000067,20001157,pmMsEs,,sec,sum,1.0,1.0,1402.0,,RNCOs155SpiTtp,,,,,SUM,3G,,,
3G_Os155SpiTtp,3G_Os155SpiTtp_pmMsSes,ericsson,pmMsSes,Os155SpiTtp,20000067,20001158,pmMsSes,,sec,sum,1.0,1.0,1402.0,,RNCOs155SpiTtp,,,,,SUM,3G,,,
3G_Os155SpiTtp,3G_Os155SpiTtp_pmMsUas,ericsson,pmMsUas,Os155SpiTtp,20000067,20001159,pmMsUas,,sec,sum,1.0,1.0,1402.0,,RNCOs155SpiTtp,,,,,SUM,3G,,,
3G_PacketDataRouter,3G_PacketDataRouter_pmNoFaultyIpPackets,ericsson,pmNoFaultyIpPackets,PacketDataRouter,20000191,20002339,pmNoFaultyIpPackets,,packet,sum,1.0,1.0,1402.0,,RNCPacketDataRouter,,,,,SUM,3G,,,
3G_PacketDataRouter,3G_PacketDataRouter_pmNoRoutedIpBytesDl,ericsson,pmNoRoutedIpBytesDl,PacketDataRouter,20000191,20002340,pmNoRoutedIpBytesDl,,byte,sum,1.0,1.0,1402.0,,RNCPacketDataRouter,,,,,SUM,3G,,,
3G_PacketDataRouter,3G_PacketDataRouter_pmNoRoutedIpBytesUl,ericsson,pmNoRoutedIpBytesUl,PacketDataRouter,20000191,20002341,pmNoRoutedIpBytesUl,,byte,sum,1.0,1.0,1402.0,,RNCPacketDataRouter,,,,,SUM,3G,,,
3G_PacketDataRouter,3G_PacketDataRouter_pmNoRoutedIpPacketsDl,ericsson,pmNoRoutedIpPacketsDl,PacketDataRouter,20000191,20002342,pmNoRoutedIpPacketsDl,,packet,sum,1.0,1.0,1402.0,,RNCPacketDataRouter,,,,,SUM,3G,,,
3G_PacketDataRouter,3G_PacketDataRouter_pmNoRoutedIpPacketsUl,ericsson,pmNoRoutedIpPacketsUl,PacketDataRouter,20000191,20002343,pmNoRoutedIpPacketsUl,,packet,sum,1.0,1.0,1402.0,,RNCPacketDataRouter,,,,,SUM,3G,,,
3G_PacketDataRouter,3G_PacketDataRouter_pmSamplesPacketDataRab,ericsson,pmSamplesPacketDataRab,PacketDataRouter,20000191,20002344,pmSamplesPacketDataRab,,#,sum,1.0,1.0,1402.0,,RNCPacketDataRouter,,,,,SUM,3G,,,
3G_PacketDataRouter,3G_PacketDataRouter_pmSumPacketDataRab,ericsson,pmSumPacketDataRab,PacketDataRouter,20000191,20002345,pmSumPacketDataRab,,packet,sum,1.0,1.0,1402.0,,RNCPacketDataRouter,,,,,SUM,3G,,,
3G_Paging,3G_Paging_pmNoPageDiscardCmpLoadC,ericsson,pmNoPageDiscardCmpLoadC,Paging,20000192,20002348,pmNoPageDiscardCmpLoadC,,#,sum,1.0,1.0,1402.0,,RNCPaging,,,,,SUM,3G,,,
3G_Paging,3G_Paging_pmNoPageDiscardCmpLoadCCs,ericsson,pmNoPageDiscardCmpLoadCCs,Paging,20000192,20002349,pmNoPageDiscardCmpLoadCCs,,#,sum,1.0,1.0,1402.0,,RNCPaging,,,,,SUM,3G,,,
3G_Paging,3G_Paging_pmNoPageDiscardCmpLoadCPs,ericsson,pmNoPageDiscardCmpLoadCPs,Paging,20000192,20002350,pmNoPageDiscardCmpLoadCPs,,#,sum,1.0,1.0,1402.0,,RNCPaging,,,,,SUM,3G,,,
3G_Pcap,3G_Pcap_pmNoPcapPosActReq,ericsson,pmNoPcapPosActReq,Pcap,20000193,20002351,pmNoPcapPosActReq,,#,sum,1.0,1.0,1402.0,,RNCPcap,,,,,SUM,3G,,,
3G_Pcap,3G_Pcap_pmNoPcapPosActResp,ericsson,pmNoPcapPosActResp,Pcap,20000193,20002352,pmNoPcapPosActResp,,#,sum,1.0,1.0,1402.0,,RNCPcap,,,,,SUM,3G,,,
3G_Pcap,3G_Pcap_pmNoPcapPosIniReq,ericsson,pmNoPcapPosIniReq,Pcap,20000193,20002353,pmNoPcapPosIniReq,,#,sum,1.0,1.0,1402.0,,RNCPcap,,,,,SUM,3G,,,
3G_Pcap,3G_Pcap_pmNoPcapPosIniResp,ericsson,pmNoPcapPosIniResp,Pcap,20000193,20002354,pmNoPcapPosIniResp,,#,sum,1.0,1.0,1402.0,,RNCPcap,,,,,SUM,3G,,,
3G_PdrDevice,3G_PdrDevice_pmPdrDeviceReceivedData,ericsson,pmPdrDeviceReceivedData,PdrDevice,20000194,20002355,pmPdrDeviceReceivedData,,byte,sum,1.0,1.0,1402.0,,RNCPdrDevice,,,,,SUM,3G,,,
3G_PdrDevice,3G_PdrDevice_pmPdrDeviceTransmittedData,ericsson,pmPdrDeviceTransmittedData,PdrDevice,20000194,20002356,pmPdrDeviceTransmittedData,,byte,sum,1.0,1.0,1402.0,,RNCPdrDevice,,,,,SUM,3G,,,
3G_PdrDevice_V,3G_PdrDevice_V_pmPdrSpAal5CepAllocUtil,ericsson,pmPdrSpAal5CepAllocUtil,PdrDevice_V,20000195,20002366,pmPdrSpAal5CepAllocUtil,,#,sum,1.0,1.0,1402.0,,RNCPdrDevice_V,,,,,SUM,3G,,,
3G_PdrDevice_V,3G_PdrDevice_V_pmPdrSpBwUtilRx,ericsson,pmPdrSpBwUtilRx,PdrDevice_V,20000195,20002367,pmPdrSpBwUtilRx,,#,sum,1.0,1.0,1402.0,,RNCPdrDevice_V,,,,,SUM,3G,,,
3G_PdrDevice_V,3G_PdrDevice_V_pmPdrSpBwUtilTx,ericsson,pmPdrSpBwUtilTx,PdrDevice_V,20000195,20002368,pmPdrSpBwUtilTx,,#,sum,1.0,1.0,1402.0,,RNCPdrDevice_V,,,,,SUM,3G,,,
3G_PdrDevice_V,3G_PdrDevice_V_pmPdrSpMeasLoad,ericsson,pmPdrSpMeasLoad,PdrDevice_V,20000195,20002369,pmPdrSpMeasLoad,,#,sum,1.0,1.0,1402.0,,RNCPdrDevice_V,,,,,SUM,3G,,,
3G_PdrDevice,3G_PdrDevice_pmSamplesPdrSpBwUtilRx,ericsson,pmSamplesPdrSpBwUtilRx,PdrDevice,20000194,20002357,pmSamplesPdrSpBwUtilRx,,#,sum,1.0,1.0,1402.0,,RNCPdrDevice,,,,,SUM,3G,,,
3G_PdrDevice,3G_PdrDevice_pmSamplesPdrSpBwUtilTx,ericsson,pmSamplesPdrSpBwUtilTx,PdrDevice,20000194,20002358,pmSamplesPdrSpBwUtilTx,,#,sum,1.0,1.0,1402.0,,RNCPdrDevice,,,,,SUM,3G,,,
3G_PdrDevice,3G_PdrDevice_pmSamplesPdrSpMeasLoad,ericsson,pmSamplesPdrSpMeasLoad,PdrDevice,20000194,20002359,pmSamplesPdrSpMeasLoad,,#,sum,1.0,1.0,1402.0,,RNCPdrDevice,,,,,SUM,3G,,,
3G_PdrDevice,3G_PdrDevice_pmSumPdrSpBwUtilRx,ericsson,pmSumPdrSpBwUtilRx,PdrDevice,20000194,20002360,pmSumPdrSpBwUtilRx,,#,sum,1.0,1.0,1402.0,,RNCPdrDevice,,,,,SUM,3G,,,
3G_PdrDevice,3G_PdrDevice_pmSumPdrSpBwUtilTx,ericsson,pmSumPdrSpBwUtilTx,PdrDevice,20000194,20002361,pmSumPdrSpBwUtilTx,,#,sum,1.0,1.0,1402.0,,RNCPdrDevice,,,,,SUM,3G,,,
3G_PdrDevice,3G_PdrDevice_pmSumPdrSpMeasLoad,ericsson,pmSumPdrSpMeasLoad,PdrDevice,20000194,20002362,pmSumPdrSpMeasLoad,,#,sum,1.0,1.0,1402.0,,RNCPdrDevice,,,,,SUM,3G,,,
2G_NECELLREL,2G_NECELLREL_HORTTOCH,ericsson,HORTTOCH,NECELLREL,20000487,20006525,HORTTOCH,,,,,,,,,,,,,,2G,,,
3G_PdrDevice,3G_PdrDevice_pmSumSqrPdrSpBwUtilRx,ericsson,pmSumSqrPdrSpBwUtilRx,PdrDevice,20000194,20002363,pmSumSqrPdrSpBwUtilRx,,#,sum,1.0,1.0,1402.0,,RNCPdrDevice,,,,,SUM,3G,,,
3G_PdrDevice,3G_PdrDevice_pmSumSqrPdrSpBwUtilTx,ericsson,pmSumSqrPdrSpBwUtilTx,PdrDevice,20000194,20002364,pmSumSqrPdrSpBwUtilTx,,#,sum,1.0,1.0,1402.0,,RNCPdrDevice,,,,,SUM,3G,,,
3G_PdrDevice,3G_PdrDevice_pmSumSqrPdrSpMeasLoad,ericsson,pmSumSqrPdrSpMeasLoad,PdrDevice,20000194,20002365,pmSumSqrPdrSpMeasLoad,,#,sum,1.0,1.0,1402.0,,RNCPdrDevice,,,,,SUM,3G,,,
3G_PlugInUnit_V,3G_PlugInUnit_V_pmProcessorCoreLoad,ericsson,pmProcessorCoreLoad,PlugInUnit_V,20000069,20001163,pmProcessorCoreLoad,,%,avg,1.0,1.0,1402.0,,RNCPlugInUnit_V,,,,,AVG,3G,,,
3G_PlugInUnit,3G_PlugInUnit_pmProcessorLoad,ericsson,pmProcessorLoad,PlugInUnit,20000068,20001160,pmProcessorLoad,,%,max,1.0,1.0,1402.0,,RNCPlugInUnit,,,,,MAX,3G,,,
3G_PlugInUnit,3G_PlugInUnit_pmSwitchIngressDiscards,ericsson,pmSwitchIngressDiscards,PlugInUnit,20000068,20001161,pmSwitchIngressDiscards,,#,sum,1.0,1.0,1402.0,,RNCPlugInUnit,,,,,SUM,3G,,,
3G_PlugInUnit,3G_PlugInUnit_pmSwitchIngressLoad,ericsson,pmSwitchIngressLoad,PlugInUnit,20000068,20001162,pmSwitchIngressLoad,,%,avg,1.0,1.0,1402.0,,RNCPlugInUnit,,,,,AVG,3G,,,
3G_PositioningServiceClass,3G_PositioningServiceClass_pmAgpsAttempt,ericsson,pmAgpsAttempt,PositioningServiceClass,20000198,20002374,pmAgpsAttempt,,#,sum,1.0,1.0,1402.0,,RNCPositioningServiceClass,,,,,SUM,3G,,,
3G_PositioningServiceClass,3G_PositioningServiceClass_pmAgpsSuccQosNotOk,ericsson,pmAgpsSuccQosNotOk,PositioningServiceClass,20000198,20002375,pmAgpsSuccQosNotOk,,#,sum,1.0,1.0,1402.0,,RNCPositioningServiceClass,,,,,SUM,3G,,,
3G_PositioningServiceClass,3G_PositioningServiceClass_pmAgpsSuccQosOk,ericsson,pmAgpsSuccQosOk,PositioningServiceClass,20000198,20002376,pmAgpsSuccQosOk,,#,sum,1.0,1.0,1402.0,,RNCPositioningServiceClass,,,,,SUM,3G,,,
3G_PositioningServiceClass,3G_PositioningServiceClass_pmCellIdAttempt,ericsson,pmCellIdAttempt,PositioningServiceClass,20000198,20002377,pmCellIdAttempt,,#,sum,1.0,1.0,1402.0,,RNCPositioningServiceClass,,,,,SUM,3G,,,
3G_PositioningServiceClass,3G_PositioningServiceClass_pmCellIdSuccQosNotOk,ericsson,pmCellIdSuccQosNotOk,PositioningServiceClass,20000198,20002378,pmCellIdSuccQosNotOk,,#,sum,1.0,1.0,1402.0,,RNCPositioningServiceClass,,,,,SUM,3G,,,
3G_PositioningServiceClass,3G_PositioningServiceClass_pmCellIdSuccQosOk,ericsson,pmCellIdSuccQosOk,PositioningServiceClass,20000198,20002379,pmCellIdSuccQosOk,,#,sum,1.0,1.0,1402.0,,RNCPositioningServiceClass,,,,,SUM,3G,,,
3G_PositioningServiceClass,3G_PositioningServiceClass_pmRttAttempt,ericsson,pmRttAttempt,PositioningServiceClass,20000198,20002380,pmRttAttempt,,#,sum,1.0,1.0,1402.0,,RNCPositioningServiceClass,,,,,SUM,3G,,,
3G_PositioningServiceClass,3G_PositioningServiceClass_pmRttSuccQosNotOk,ericsson,pmRttSuccQosNotOk,PositioningServiceClass,20000198,20002381,pmRttSuccQosNotOk,,#,sum,1.0,1.0,1402.0,,RNCPositioningServiceClass,,,,,SUM,3G,,,
3G_PositioningServiceClass,3G_PositioningServiceClass_pmRttSuccQosOk,ericsson,pmRttSuccQosOk,PositioningServiceClass,20000198,20002382,pmRttSuccQosOk,,#,sum,1.0,1.0,1402.0,,RNCPositioningServiceClass,,,,,SUM,3G,,,
3G_Rach,3G_Rach_pmFaultyTransportBlocks,ericsson,pmFaultyTransportBlocks,Rach,20000199,20002383,pmFaultyTransportBlocks,,#,sum,1.0,1.0,1402.0,,RNCRach,,,,,SUM,3G,,,
3G_Rach,3G_Rach_pmNoRecRandomAccSuccess,ericsson,pmNoRecRandomAccSuccess,Rach,20000199,20002384,pmNoRecRandomAccSuccess,,#,sum,1.0,1.0,1402.0,,RNCRach,,,,,SUM,3G,,,
3G_Rach,3G_Rach_pmTransportBlocks,ericsson,pmTransportBlocks,Rach,20000199,20002385,pmTransportBlocks,,#,sum,1.0,1.0,1402.0,,RNCRach,,,,,SUM,3G,,,
3G_Ranap,3G_Ranap_pmNnsfLoadDistributionRouted,ericsson,pmNnsfLoadDistributionRouted,Ranap,20000200,20002386,pmNnsfLoadDistributionRouted,,#,sum,1.0,1.0,1402.0,,RNCRanap,,,,,SUM,3G,,,
3G_Ranap,3G_Ranap_pmNnsfNriRouted,ericsson,pmNnsfNriRouted,Ranap,20000200,20002387,pmNnsfNriRouted,,#,sum,1.0,1.0,1402.0,,RNCRanap,,,,,SUM,3G,,,
3G_Rcs,3G_Rcs_pmNoReleaseCchWaitCuT,ericsson,pmNoReleaseCchWaitCuT,Rcs,20000201,20002388,pmNoReleaseCchWaitCuT,,#,sum,1.0,1.0,1402.0,,RNCRcs,,,,,SUM,3G,,,
3G_Rcs,3G_Rcs_pmNoReleaseDchRcLostT,ericsson,pmNoReleaseDchRcLostT,Rcs,20000201,20002389,pmNoReleaseDchRcLostT,,#,sum,1.0,1.0,1402.0,,RNCRcs,,,,,SUM,3G,,,
3G_Rcs,3G_Rcs_pmNORlcErrors,ericsson,pmNORlcErrors,Rcs,20000201,20002390,pmNORlcErrors,,#,sum,1.0,1.0,1402.0,,RNCRcs,,,,,SUM,3G,,,
3G_RncCapacity,3G_RncCapacity_pmcapacityallocatt,ericsson,pmcapacityallocatt,RncCapacity,20000202,20002391,pmcapacityallocatt,,#,sum,1.0,1.0,1402.0,,RNCRncCapacity,,,,,SUM,3G,,,
3G_RncCapacity,3G_RncCapacity_pmcapacityallocrej,ericsson,pmcapacityallocrej,RncCapacity,20000202,20002392,pmcapacityallocrej,,#,sum,1.0,1.0,1402.0,,RNCRncCapacity,,,,,SUM,3G,,,
3G_RncCapacity,3G_RncCapacity_pmcapacitylimit,ericsson,pmcapacitylimit,RncCapacity,20000202,20002393,pmcapacitylimit,,mbit/s,avg,1.0,1.0,1402.0,,RNCRncCapacity,,,,,AVG,3G,,,
3G_RncCapacity_V,3G_RncCapacity_V_pmcapacityutilization,ericsson,pmcapacityutilization,RncCapacity_V,20000203,20002400,pmcapacityutilization,,#,sum,1.0,1.0,1402.0,,RNCRncCapacity_V,,,,,SUM,3G,,,
3G_RncCapacity,3G_RncCapacity_pmSamplesCapacity,ericsson,pmSamplesCapacity,RncCapacity,20000202,20002394,pmSamplesCapacity,,#,sum,1.0,1.0,1402.0,,RNCRncCapacity,,,,,SUM,3G,,,
3G_RncCapacity,3G_RncCapacity_pmSamplesCapacityRegulation,ericsson,pmSamplesCapacityRegulation,RncCapacity,20000202,20002395,pmSamplesCapacityRegulation,,#,sum,1.0,1.0,1402.0,,RNCRncCapacity,,,,,SUM,3G,,,
3G_RncCapacity,3G_RncCapacity_pmSumCapacity,ericsson,pmSumCapacity,RncCapacity,20000202,20002396,pmSumCapacity,,mbit/s,sum,1.0,1.0,1402.0,,RNCRncCapacity,,,,,SUM,3G,,,
3G_RncCapacity,3G_RncCapacity_pmSumCapacityRegulation,ericsson,pmSumCapacityRegulation,RncCapacity,20000202,20002397,pmSumCapacityRegulation,,mbit/s,sum,1.0,1.0,1402.0,,RNCRncCapacity,,,,,SUM,3G,,,
3G_RncCapacity,3G_RncCapacity_pmsumsqrcapacity,ericsson,pmsumsqrcapacity,RncCapacity,20000202,20002398,pmsumsqrcapacity,,#,sum,1.0,1.0,1402.0,,RNCRncCapacity,,,,,SUM,3G,,,
3G_RncCapacity,3G_RncCapacity_pmTotalTimeCapacityRegulated,ericsson,pmTotalTimeCapacityRegulated,RncCapacity,20000202,20002399,pmTotalTimeCapacityRegulated,,sec,sum,1.0,1.0,1402.0,,RNCRncCapacity,,,,,SUM,3G,,,
3G_RncModule_V,3G_RncModule_V_pmMeasuredLoad,ericsson,pmMeasuredLoad,RncModule_V,20000207,20002478,pmMeasuredLoad,,#,sum,1.0,1.0,1402.0,,RNCRncModule_V,,,,,SUM,3G,,,
3G_RncModule,3G_RncModule_pmSamplesMeasuredLoad,ericsson,pmSamplesMeasuredLoad,RncModule,20000206,20002475,pmSamplesMeasuredLoad,,#,sum,1.0,1.0,1402.0,,RNCRncModule,,,,,SUM,3G,,,
3G_RncModule,3G_RncModule_pmSumMeasuredLoad,ericsson,pmSumMeasuredLoad,RncModule,20000206,20002476,pmSumMeasuredLoad,,#,sum,1.0,1.0,1402.0,,RNCRncModule,,,,,SUM,3G,,,
3G_RncModule,3G_RncModule_pmSumSqrMeasuredLoad,ericsson,pmSumSqrMeasuredLoad,RncModule,20000206,20002477,pmSumSqrMeasuredLoad,,#,sum,1.0,1.0,1402.0,,RNCRncModule,,,,,SUM,3G,,,
3G_RoutingArea,3G_RoutingArea_pmCnInitPagingToIdleUeRa,ericsson,pmCnInitPagingToIdleUeRa,RoutingArea,20000208,20002479,pmCnInitPagingToIdleUeRa,,#,sum,1.0,1.0,1402.0,,RNCRoutingArea,,,,,SUM,3G,,,
3G_SasPositioning,3G_SasPositioning_pmEsIupcCellIdFailQosNok,ericsson,pmEsIupcCellIdFailQosNok,SasPositioning,20000209,20002480,pmEsIupcCellIdFailQosNok,,#,sum,1.0,1.0,1402.0,,RNCSasPositioning,,,,,SUM,3G,,,
3G_SasPositioning,3G_SasPositioning_pmEsIupcCellIdFailQosOk,ericsson,pmEsIupcCellIdFailQosOk,SasPositioning,20000209,20002481,pmEsIupcCellIdFailQosOk,,#,sum,1.0,1.0,1402.0,,RNCSasPositioning,,,,,SUM,3G,,,
3G_SasPositioning,3G_SasPositioning_pmEsIupcCellIdSuccQosNok,ericsson,pmEsIupcCellIdSuccQosNok,SasPositioning,20000209,20002482,pmEsIupcCellIdSuccQosNok,,#,sum,1.0,1.0,1402.0,,RNCSasPositioning,,,,,SUM,3G,,,
3G_SasPositioning,3G_SasPositioning_pmEsIupcCellIdSuccQosOk,ericsson,pmEsIupcCellIdSuccQosOk,SasPositioning,20000209,20002483,pmEsIupcCellIdSuccQosOk,,#,sum,1.0,1.0,1402.0,,RNCSasPositioning,,,,,SUM,3G,,,
3G_SasPositioning,3G_SasPositioning_pmEsIupcRttFailQosNok,ericsson,pmEsIupcRttFailQosNok,SasPositioning,20000209,20002484,pmEsIupcRttFailQosNok,,#,sum,1.0,1.0,1402.0,,RNCSasPositioning,,,,,SUM,3G,,,
3G_SasPositioning,3G_SasPositioning_pmEsIupcRttFailQosOk,ericsson,pmEsIupcRttFailQosOk,SasPositioning,20000209,20002485,pmEsIupcRttFailQosOk,,#,sum,1.0,1.0,1402.0,,RNCSasPositioning,,,,,SUM,3G,,,
3G_SasPositioning,3G_SasPositioning_pmEsIupcRttSuccQosNok,ericsson,pmEsIupcRttSuccQosNok,SasPositioning,20000209,20002486,pmEsIupcRttSuccQosNok,,#,sum,1.0,1.0,1402.0,,RNCSasPositioning,,,,,SUM,3G,,,
3G_SasPositioning,3G_SasPositioning_pmEsIupcRttSuccQosOk,ericsson,pmEsIupcRttSuccQosOk,SasPositioning,20000209,20002487,pmEsIupcRttSuccQosOk,,#,sum,1.0,1.0,1402.0,,RNCSasPositioning,,,,,SUM,3G,,,
3G_SasPositioning,3G_SasPositioning_pmEsIupcUeaAgnssFailQosNok,ericsson,pmEsIupcUeaAgnssFailQosNok,SasPositioning,20000209,20002488,pmEsIupcUeaAgnssFailQosNok,,#,sum,1.0,1.0,1402.0,,RNCSasPositioning,,,,,SUM,3G,,,
3G_SasPositioning,3G_SasPositioning_pmEsIupcUeaAgnssFailQosOk,ericsson,pmEsIupcUeaAgnssFailQosOk,SasPositioning,20000209,20002489,pmEsIupcUeaAgnssFailQosOk,,#,sum,1.0,1.0,1402.0,,RNCSasPositioning,,,,,SUM,3G,,,
3G_SasPositioning,3G_SasPositioning_pmEsIupcUeaAgnssSuccQosNok,ericsson,pmEsIupcUeaAgnssSuccQosNok,SasPositioning,20000209,20002490,pmEsIupcUeaAgnssSuccQosNok,,#,sum,1.0,1.0,1402.0,,RNCSasPositioning,,,,,SUM,3G,,,
3G_SasPositioning,3G_SasPositioning_pmEsIupcUeaAgnssSuccQosOk,ericsson,pmEsIupcUeaAgnssSuccQosOk,SasPositioning,20000209,20002491,pmEsIupcUeaAgnssSuccQosOk,,#,sum,1.0,1.0,1402.0,,RNCSasPositioning,,,,,SUM,3G,,,
3G_SasPositioning,3G_SasPositioning_pmEsIupcUeaAgpsFailQosNok,ericsson,pmEsIupcUeaAgpsFailQosNok,SasPositioning,20000209,20002492,pmEsIupcUeaAgpsFailQosNok,,#,sum,1.0,1.0,1402.0,,RNCSasPositioning,,,,,SUM,3G,,,
3G_SasPositioning,3G_SasPositioning_pmEsIupcUeaAgpsFailQosOk,ericsson,pmEsIupcUeaAgpsFailQosOk,SasPositioning,20000209,20002493,pmEsIupcUeaAgpsFailQosOk,,#,sum,1.0,1.0,1402.0,,RNCSasPositioning,,,,,SUM,3G,,,
3G_SasPositioning,3G_SasPositioning_pmEsIupcUeaAgpsSuccQosNok,ericsson,pmEsIupcUeaAgpsSuccQosNok,SasPositioning,20000209,20002494,pmEsIupcUeaAgpsSuccQosNok,,#,sum,1.0,1.0,1402.0,,RNCSasPositioning,,,,,SUM,3G,,,
3G_SasPositioning,3G_SasPositioning_pmEsIupcUeaAgpsSuccQosOk,ericsson,pmEsIupcUeaAgpsSuccQosOk,SasPositioning,20000209,20002495,pmEsIupcUeaAgpsSuccQosOk,,#,sum,1.0,1.0,1402.0,,RNCSasPositioning,,,,,SUM,3G,,,
3G_SasPositioning,3G_SasPositioning_pmEsIupcUebAgnssFailQosNok,ericsson,pmEsIupcUebAgnssFailQosNok,SasPositioning,20000209,20002496,pmEsIupcUebAgnssFailQosNok,,#,sum,1.0,1.0,1402.0,,RNCSasPositioning,,,,,SUM,3G,,,
3G_SasPositioning,3G_SasPositioning_pmEsIupcUebAgnssFailQosOk,ericsson,pmEsIupcUebAgnssFailQosOk,SasPositioning,20000209,20002497,pmEsIupcUebAgnssFailQosOk,,#,sum,1.0,1.0,1402.0,,RNCSasPositioning,,,,,SUM,3G,,,
3G_SasPositioning,3G_SasPositioning_pmEsIupcUebAgnssSuccQosNok,ericsson,pmEsIupcUebAgnssSuccQosNok,SasPositioning,20000209,20002498,pmEsIupcUebAgnssSuccQosNok,,#,sum,1.0,1.0,1402.0,,RNCSasPositioning,,,,,SUM,3G,,,
3G_SasPositioning,3G_SasPositioning_pmEsIupcUebAgnssSuccQosOk,ericsson,pmEsIupcUebAgnssSuccQosOk,SasPositioning,20000209,20002499,pmEsIupcUebAgnssSuccQosOk,,#,sum,1.0,1.0,1402.0,,RNCSasPositioning,,,,,SUM,3G,,,
3G_SasPositioning,3G_SasPositioning_pmEsIupcUebAgpsFailQosNok,ericsson,pmEsIupcUebAgpsFailQosNok,SasPositioning,20000209,20002500,pmEsIupcUebAgpsFailQosNok,,#,sum,1.0,1.0,1402.0,,RNCSasPositioning,,,,,SUM,3G,,,
3G_SasPositioning,3G_SasPositioning_pmEsIupcUebAgpsFailQosOk,ericsson,pmEsIupcUebAgpsFailQosOk,SasPositioning,20000209,20002501,pmEsIupcUebAgpsFailQosOk,,#,sum,1.0,1.0,1402.0,,RNCSasPositioning,,,,,SUM,3G,,,
3G_SasPositioning,3G_SasPositioning_pmEsIupcUebAgpsSuccQosNok,ericsson,pmEsIupcUebAgpsSuccQosNok,SasPositioning,20000209,20002502,pmEsIupcUebAgpsSuccQosNok,,#,sum,1.0,1.0,1402.0,,RNCSasPositioning,,,,,SUM,3G,,,
3G_SasPositioning,3G_SasPositioning_pmEsIupcUebAgpsSuccQosOk,ericsson,pmEsIupcUebAgpsSuccQosOk,SasPositioning,20000209,20002503,pmEsIupcUebAgpsSuccQosOk,,#,sum,1.0,1.0,1402.0,,RNCSasPositioning,,,,,SUM,3G,,,
3G_SasPositioning,3G_SasPositioning_pmLcsIupcCellIdFailQosNok,ericsson,pmLcsIupcCellIdFailQosNok,SasPositioning,20000209,20002504,pmLcsIupcCellIdFailQosNok,,#,sum,1.0,1.0,1402.0,,RNCSasPositioning,,,,,SUM,3G,,,
3G_SasPositioning,3G_SasPositioning_pmLcsIupcCellIdFailQosOk,ericsson,pmLcsIupcCellIdFailQosOk,SasPositioning,20000209,20002505,pmLcsIupcCellIdFailQosOk,,#,sum,1.0,1.0,1402.0,,RNCSasPositioning,,,,,SUM,3G,,,
3G_SasPositioning,3G_SasPositioning_pmLcsIupcCellIdSuccQosNok,ericsson,pmLcsIupcCellIdSuccQosNok,SasPositioning,20000209,20002506,pmLcsIupcCellIdSuccQosNok,,#,sum,1.0,1.0,1402.0,,RNCSasPositioning,,,,,SUM,3G,,,
3G_SasPositioning,3G_SasPositioning_pmLcsIupcCellIdSuccQosOk,ericsson,pmLcsIupcCellIdSuccQosOk,SasPositioning,20000209,20002507,pmLcsIupcCellIdSuccQosOk,,#,sum,1.0,1.0,1402.0,,RNCSasPositioning,,,,,SUM,3G,,,
2G_NECELLREL,2G_NECELLREL_HOSRTL2TOCH,ericsson,HOSRTL2TOCH,NECELLREL,20000487,20006526,HOSRTL2TOCH,,,,,,,,,,,,,,2G,,,
3G_SasPositioning,3G_SasPositioning_pmLcsIupcRttFailQosNok,ericsson,pmLcsIupcRttFailQosNok,SasPositioning,20000209,20002508,pmLcsIupcRttFailQosNok,,#,sum,1.0,1.0,1402.0,,RNCSasPositioning,,,,,SUM,3G,,,
3G_SasPositioning,3G_SasPositioning_pmLcsIupcRttFailQosOk,ericsson,pmLcsIupcRttFailQosOk,SasPositioning,20000209,20002509,pmLcsIupcRttFailQosOk,,#,sum,1.0,1.0,1402.0,,RNCSasPositioning,,,,,SUM,3G,,,
3G_SasPositioning,3G_SasPositioning_pmLcsIupcRttSuccQosNok,ericsson,pmLcsIupcRttSuccQosNok,SasPositioning,20000209,20002510,pmLcsIupcRttSuccQosNok,,#,sum,1.0,1.0,1402.0,,RNCSasPositioning,,,,,SUM,3G,,,
3G_SasPositioning,3G_SasPositioning_pmLcsIupcRttSuccQosOk,ericsson,pmLcsIupcRttSuccQosOk,SasPositioning,20000209,20002511,pmLcsIupcRttSuccQosOk,,#,sum,1.0,1.0,1402.0,,RNCSasPositioning,,,,,SUM,3G,,,
3G_SasPositioning,3G_SasPositioning_pmLcsIupcUeaAgnssFailQosNok,ericsson,pmLcsIupcUeaAgnssFailQosNok,SasPositioning,20000209,20002512,pmLcsIupcUeaAgnssFailQosNok,,#,sum,1.0,1.0,1402.0,,RNCSasPositioning,,,,,SUM,3G,,,
3G_SasPositioning,3G_SasPositioning_pmLcsIupcUeaAgnssFailQosOk,ericsson,pmLcsIupcUeaAgnssFailQosOk,SasPositioning,20000209,20002513,pmLcsIupcUeaAgnssFailQosOk,,#,sum,1.0,1.0,1402.0,,RNCSasPositioning,,,,,SUM,3G,,,
3G_SasPositioning,3G_SasPositioning_pmLcsIupcUeaAgnssSuccQosNok,ericsson,pmLcsIupcUeaAgnssSuccQosNok,SasPositioning,20000209,20002514,pmLcsIupcUeaAgnssSuccQosNok,,#,sum,1.0,1.0,1402.0,,RNCSasPositioning,,,,,SUM,3G,,,
3G_SasPositioning,3G_SasPositioning_pmLcsIupcUeaAgnssSuccQosOk,ericsson,pmLcsIupcUeaAgnssSuccQosOk,SasPositioning,20000209,20002515,pmLcsIupcUeaAgnssSuccQosOk,,#,sum,1.0,1.0,1402.0,,RNCSasPositioning,,,,,SUM,3G,,,
3G_SasPositioning,3G_SasPositioning_pmLcsIupcUeaAgpsFailQosNok,ericsson,pmLcsIupcUeaAgpsFailQosNok,SasPositioning,20000209,20002516,pmLcsIupcUeaAgpsFailQosNok,,#,sum,1.0,1.0,1402.0,,RNCSasPositioning,,,,,SUM,3G,,,
3G_SasPositioning,3G_SasPositioning_pmLcsIupcUeaAgpsFailQosOk,ericsson,pmLcsIupcUeaAgpsFailQosOk,SasPositioning,20000209,20002517,pmLcsIupcUeaAgpsFailQosOk,,#,sum,1.0,1.0,1402.0,,RNCSasPositioning,,,,,SUM,3G,,,
3G_SasPositioning,3G_SasPositioning_pmLcsIupcUeaAgpsSuccQosNok,ericsson,pmLcsIupcUeaAgpsSuccQosNok,SasPositioning,20000209,20002518,pmLcsIupcUeaAgpsSuccQosNok,,#,sum,1.0,1.0,1402.0,,RNCSasPositioning,,,,,SUM,3G,,,
3G_SasPositioning,3G_SasPositioning_pmLcsIupcUeaAgpsSuccQosOk,ericsson,pmLcsIupcUeaAgpsSuccQosOk,SasPositioning,20000209,20002519,pmLcsIupcUeaAgpsSuccQosOk,,#,sum,1.0,1.0,1402.0,,RNCSasPositioning,,,,,SUM,3G,,,
3G_SasPositioning,3G_SasPositioning_pmLcsIupcUebAgnssFailQosNok,ericsson,pmLcsIupcUebAgnssFailQosNok,SasPositioning,20000209,20002520,pmLcsIupcUebAgnssFailQosNok,,#,sum,1.0,1.0,1402.0,,RNCSasPositioning,,,,,SUM,3G,,,
3G_SasPositioning,3G_SasPositioning_pmLcsIupcUebAgnssFailQosOk,ericsson,pmLcsIupcUebAgnssFailQosOk,SasPositioning,20000209,20002521,pmLcsIupcUebAgnssFailQosOk,,#,sum,1.0,1.0,1402.0,,RNCSasPositioning,,,,,SUM,3G,,,
3G_SasPositioning,3G_SasPositioning_pmLcsIupcUebAgnssSuccQosNok,ericsson,pmLcsIupcUebAgnssSuccQosNok,SasPositioning,20000209,20002522,pmLcsIupcUebAgnssSuccQosNok,,#,sum,1.0,1.0,1402.0,,RNCSasPositioning,,,,,SUM,3G,,,
3G_SasPositioning,3G_SasPositioning_pmLcsIupcUebAgnssSuccQosOk,ericsson,pmLcsIupcUebAgnssSuccQosOk,SasPositioning,20000209,20002523,pmLcsIupcUebAgnssSuccQosOk,,#,sum,1.0,1.0,1402.0,,RNCSasPositioning,,,,,SUM,3G,,,
3G_SasPositioning,3G_SasPositioning_pmLcsIupcUebAgpsFailQosNok,ericsson,pmLcsIupcUebAgpsFailQosNok,SasPositioning,20000209,20002524,pmLcsIupcUebAgpsFailQosNok,,#,sum,1.0,1.0,1402.0,,RNCSasPositioning,,,,,SUM,3G,,,
3G_SasPositioning,3G_SasPositioning_pmLcsIupcUebAgpsFailQosOk,ericsson,pmLcsIupcUebAgpsFailQosOk,SasPositioning,20000209,20002525,pmLcsIupcUebAgpsFailQosOk,,#,sum,1.0,1.0,1402.0,,RNCSasPositioning,,,,,SUM,3G,,,
3G_SasPositioning,3G_SasPositioning_pmLcsIupcUebAgpsSuccQosNok,ericsson,pmLcsIupcUebAgpsSuccQosNok,SasPositioning,20000209,20002526,pmLcsIupcUebAgpsSuccQosNok,,#,sum,1.0,1.0,1402.0,,RNCSasPositioning,,,,,SUM,3G,,,
3G_SasPositioning,3G_SasPositioning_pmLcsIupcUebAgpsSuccQosOk,ericsson,pmLcsIupcUebAgpsSuccQosOk,SasPositioning,20000209,20002527,pmLcsIupcUebAgpsSuccQosOk,,#,sum,1.0,1.0,1402.0,,RNCSasPositioning,,,,,SUM,3G,,,
3G_SccpAccountingCriteria,3G_SccpAccountingCriteria_pmNoOfMsg,ericsson,pmNoOfMsg,SccpAccountingCriteria,20000078,20001223,pmNoOfMsg,,#,sum,1.0,1.0,1402.0,,RNCSccpAccountingCriteria,,,,,SUM,3G,,,
3G_SccpAccountingCriteria,3G_SccpAccountingCriteria_pmNoOfOctets,ericsson,pmNoOfOctets,SccpAccountingCriteria,20000078,20001224,pmNoOfOctets,,byte,sum,1.0,1.0,1402.0,,RNCSccpAccountingCriteria,,,,,SUM,3G,,,
3G_SccpPolicing,3G_SccpPolicing_pmNoOfRejectMsg,ericsson,pmNoOfRejectMsg,SccpPolicing,20000081,20001229,pmNoOfRejectMsg,,#,sum,1.0,1.0,1402.0,,RNCSccpPolicing,,,,,SUM,3G,,,
3G_SccpScrc,3G_SccpScrc_pmNoOfConnectFailure,ericsson,pmNoOfConnectFailure,SccpScrc,20000082,20001230,pmNoOfConnectFailure,,#,sum,1.0,1.0,1402.0,,RNCSccpScrc,,,,,SUM,3G,,,
3G_SccpScrc,3G_SccpScrc_pmNoOfHopCounterViolation,ericsson,pmNoOfHopCounterViolation,SccpScrc,20000082,20001231,pmNoOfHopCounterViolation,,#,sum,1.0,1.0,1402.0,,RNCSccpScrc,,,,,SUM,3G,,,
3G_SccpScrc,3G_SccpScrc_pmNoOfRoutingFailure,ericsson,pmNoOfRoutingFailure,SccpScrc,20000082,20001232,pmNoOfRoutingFailure,,#,sum,1.0,1.0,1402.0,,RNCSccpScrc,,,,,SUM,3G,,,
3G_SccpSP,3G_SccpSP_pmNoOfCREFRecFromNL,ericsson,pmNoOfCREFRecFromNL,SccpSP,20000083,20001233,pmNoOfCREFRecFromNL,,#,sum,1.0,1.0,1402.0,,RNCSccpSP,,,,,SUM,3G,,,
3G_SccpSP,3G_SccpSP_pmNoOfCREFSentToNL,ericsson,pmNoOfCREFSentToNL,SccpSP,20000083,20001234,pmNoOfCREFSentToNL,,#,sum,1.0,1.0,1402.0,,RNCSccpSP,,,,,SUM,3G,,,
3G_SccpSP,3G_SccpSP_pmNoOfCRRec,ericsson,pmNoOfCRRec,SccpSP,20000083,20001235,pmNoOfCRRec,,#,sum,1.0,1.0,1402.0,,RNCSccpSP,,,,,SUM,3G,,,
3G_SccpSP,3G_SccpSP_pmNoOfCRSent,ericsson,pmNoOfCRSent,SccpSP,20000083,20001236,pmNoOfCRSent,,#,sum,1.0,1.0,1402.0,,RNCSccpSP,,,,,SUM,3G,,,
3G_SccpSP,3G_SccpSP_pmNoOfDT1Rec,ericsson,pmNoOfDT1Rec,SccpSP,20000083,20001237,pmNoOfDT1Rec,,#,sum,1.0,1.0,1402.0,,RNCSccpSP,,,,,SUM,3G,,,
3G_SccpSP,3G_SccpSP_pmNoOfDT1Sent,ericsson,pmNoOfDT1Sent,SccpSP,20000083,20001238,pmNoOfDT1Sent,,#,sum,1.0,1.0,1402.0,,RNCSccpSP,,,,,SUM,3G,,,
3G_SccpSP,3G_SccpSP_pmNoOfERRRec,ericsson,pmNoOfERRRec,SccpSP,20000083,20001239,pmNoOfERRRec,,#,sum,1.0,1.0,1402.0,,RNCSccpSP,,,,,SUM,3G,,,
3G_SccpSP,3G_SccpSP_pmNoOfERRSent,ericsson,pmNoOfERRSent,SccpSP,20000083,20001240,pmNoOfERRSent,,#,sum,1.0,1.0,1402.0,,RNCSccpSP,,,,,SUM,3G,,,
3G_SccpSP,3G_SccpSP_pmNoOfLUDTSent,ericsson,pmNoOfLUDTSent,SccpSP,20000083,20002543,pmNoOfLUDTSent,,#,sum,1.0,1.0,1402.0,,RNCSccpSP,,,,,SUM,3G,,,
3G_SccpSP,3G_SccpSP_pmNoOfLUDTSRec,ericsson,pmNoOfLUDTSRec,SccpSP,20000083,20002544,pmNoOfLUDTSRec,,#,sum,1.0,1.0,1402.0,,RNCSccpSP,,,,,SUM,3G,,,
3G_SccpSP,3G_SccpSP_pmNoOfLUDTSSent,ericsson,pmNoOfLUDTSSent,SccpSP,20000083,20001242,pmNoOfLUDTSSent,,#,sum,1.0,1.0,1402.0,,RNCSccpSP,,,,,SUM,3G,,,
3G_SccpSP,3G_SccpSP_pmNoOfRLSDRecFromNL,ericsson,pmNoOfRLSDRecFromNL,SccpSP,20000083,20001243,pmNoOfRLSDRecFromNL,,#,sum,1.0,1.0,1402.0,,RNCSccpSP,,,,,SUM,3G,,,
3G_SccpSP,3G_SccpSP_pmNoOfRLSDSentToNL,ericsson,pmNoOfRLSDSentToNL,SccpSP,20000083,20001244,pmNoOfRLSDSentToNL,,#,sum,1.0,1.0,1402.0,,RNCSccpSP,,,,,SUM,3G,,,
3G_SccpSP,3G_SccpSP_pmNoOfSubsysAllowedSent,ericsson,pmNoOfSubsysAllowedSent,SccpSP,20000083,20001245,pmNoOfSubsysAllowedSent,,#,sum,1.0,1.0,1402.0,,RNCSccpSP,,,,,SUM,3G,,,
3G_SccpSP,3G_SccpSP_pmNoOfUDTSent,ericsson,pmNoOfUDTSent,SccpSP,20000083,20001247,pmNoOfUDTSent,,#,sum,1.0,1.0,1402.0,,RNCSccpSP,,,,,SUM,3G,,,
3G_SccpSP,3G_SccpSP_pmNoOfUDTSRec,ericsson,pmNoOfUDTSRec,SccpSP,20000083,20001248,pmNoOfUDTSRec,,#,sum,1.0,1.0,1402.0,,RNCSccpSP,,,,,SUM,3G,,,
3G_SccpSP,3G_SccpSP_pmNoOfUDTSSent,ericsson,pmNoOfUDTSSent,SccpSP,20000083,20001249,pmNoOfUDTSSent,,#,sum,1.0,1.0,1402.0,,RNCSccpSP,,,,,SUM,3G,,,
3G_SccpSP,3G_SccpSP_pmNoOfXUDTRec,ericsson,pmNoOfXUDTRec,SccpSP,20000083,20001250,pmNoOfXUDTRec,,#,sum,1.0,1.0,1402.0,,RNCSccpSP,,,,,SUM,3G,,,
3G_SccpSP,3G_SccpSP_pmNoOfXUDTSent,ericsson,pmNoOfXUDTSent,SccpSP,20000083,20001251,pmNoOfXUDTSent,,#,sum,1.0,1.0,1402.0,,RNCSccpSP,,,,,SUM,3G,,,
3G_SccpSP,3G_SccpSP_pmNoOfXUDTSRec,ericsson,pmNoOfXUDTSRec,SccpSP,20000083,20001252,pmNoOfXUDTSRec,,#,sum,1.0,1.0,1402.0,,RNCSccpSP,,,,,SUM,3G,,,
3G_SccpSP,3G_SccpSP_pmNoOfXUDTSSent,ericsson,pmNoOfXUDTSSent,SccpSP,20000083,20001253,pmNoOfXUDTSSent,,#,sum,1.0,1.0,1402.0,,RNCSccpSP,,,,,SUM,3G,,,
3G_Sctp,3G_Sctp_pmSctpAborted,ericsson,pmSctpAborted,Sctp,20000084,20001254,pmSctpAborted,,#,sum,1.0,1.0,1402.0,,RNCSctp,,,,,SUM,3G,,,
3G_Sctp,3G_Sctp_pmSctpActiveEstab,ericsson,pmSctpActiveEstab,Sctp,20000084,20001255,pmSctpActiveEstab,,#,sum,1.0,1.0,1402.0,,RNCSctp,,,,,SUM,3G,,,
3G_Sctp,3G_Sctp_pmSctpCurrEstab,ericsson,pmSctpCurrEstab,Sctp,20000084,20001256,pmSctpCurrEstab,,#,avg,1.0,1.0,1402.0,,RNCSctp,,,,,AVG,3G,,,
3G_Sctp,3G_Sctp_pmSctpInErrors,ericsson,pmSctpInErrors,Sctp,20000084,20001257,pmSctpInErrors,,#,sum,1.0,1.0,1402.0,,RNCSctp,,,,,SUM,3G,,,
3G_Sctp,3G_Sctp_pmSctpInNoPorts,ericsson,pmSctpInNoPorts,Sctp,20000084,20001258,pmSctpInNoPorts,,#,sum,1.0,1.0,1402.0,,RNCSctp,,,,,SUM,3G,,,
3G_Sctp,3G_Sctp_pmSctpPassiveEstab,ericsson,pmSctpPassiveEstab,Sctp,20000084,20001259,pmSctpPassiveEstab,,#,sum,1.0,1.0,1402.0,,RNCSctp,,,,,SUM,3G,,,
3G_Sctp,3G_Sctp_pmSctpStatAssocOutOfBlue,ericsson,pmSctpStatAssocOutOfBlue,Sctp,20000084,20001261,pmSctpStatAssocOutOfBlue,,#,sum,1.0,1.0,1402.0,,RNCSctp,,,,,SUM,3G,,,
3G_Sctp,3G_Sctp_pmSctpStatCommResume,ericsson,pmSctpStatCommResume,Sctp,20000084,20001262,pmSctpStatCommResume,,#,sum,1.0,1.0,1402.0,,RNCSctp,,,,,SUM,3G,,,
3G_Sctp,3G_Sctp_pmSctpStatCommStop,ericsson,pmSctpStatCommStop,Sctp,20000084,20001263,pmSctpStatCommStop,,#,sum,1.0,1.0,1402.0,,RNCSctp,,,,,SUM,3G,,,
3G_Sctp,3G_Sctp_pmSctpStatFragmentedUserMsg,ericsson,pmSctpStatFragmentedUserMsg,Sctp,20000084,20001264,pmSctpStatFragmentedUserMsg,,#,sum,1.0,1.0,1402.0,,RNCSctp,,,,,SUM,3G,,,
3G_Sctp,3G_Sctp_pmSctpStatOutOfOrderRecChunks,ericsson,pmSctpStatOutOfOrderRecChunks,Sctp,20000084,20001265,pmSctpStatOutOfOrderRecChunks,,#,sum,1.0,1.0,1402.0,,RNCSctp,,,,,SUM,3G,,,
3G_Sctp,3G_Sctp_pmSctpStatReassembledUserMsg,ericsson,pmSctpStatReassembledUserMsg,Sctp,20000084,20001266,pmSctpStatReassembledUserMsg,,#,sum,1.0,1.0,1402.0,,RNCSctp,,,,,SUM,3G,,,
3G_Sctp,3G_Sctp_pmSctpStatRecChunks,ericsson,pmSctpStatRecChunks,Sctp,20000084,20001267,pmSctpStatRecChunks,,#,sum,1.0,1.0,1402.0,,RNCSctp,,,,,SUM,3G,,,
3G_Sctp,3G_Sctp_pmSctpStatRecChunksDropped,ericsson,pmSctpStatRecChunksDropped,Sctp,20000084,20001268,pmSctpStatRecChunksDropped,,#,sum,1.0,1.0,1402.0,,RNCSctp,,,,,SUM,3G,,,
3G_Sctp,3G_Sctp_pmSctpStatReceivedPackages,ericsson,pmSctpStatReceivedPackages,Sctp,20000084,20001269,pmSctpStatReceivedPackages,,#,sum,1.0,1.0,1402.0,,RNCSctp,,,,,SUM,3G,,,
3G_Sctp,3G_Sctp_pmSctpStatRetransChunks,ericsson,pmSctpStatRetransChunks,Sctp,20000084,20001270,pmSctpStatRetransChunks,,#,sum,1.0,1.0,1402.0,,RNCSctp,,,,,SUM,3G,,,
3G_Sctp,3G_Sctp_pmSctpStatSentChunks,ericsson,pmSctpStatSentChunks,Sctp,20000084,20001271,pmSctpStatSentChunks,,#,sum,1.0,1.0,1402.0,,RNCSctp,,,,,SUM,3G,,,
3G_Sctp,3G_Sctp_pmSctpStatSentChunksDropped,ericsson,pmSctpStatSentChunksDropped,Sctp,20000084,20001272,pmSctpStatSentChunksDropped,,#,sum,1.0,1.0,1402.0,,RNCSctp,,,,,SUM,3G,,,
3G_Sctp,3G_Sctp_pmSctpStatSentControlChunks,ericsson,pmSctpStatSentControlChunks,Sctp,20000084,20001273,pmSctpStatSentControlChunks,,#,sum,1.0,1.0,1402.0,,RNCSctp,,,,,SUM,3G,,,
3G_Sctp,3G_Sctp_pmSctpStatSentPackages,ericsson,pmSctpStatSentPackages,Sctp,20000084,20001274,pmSctpStatSentPackages,,#,sum,1.0,1.0,1402.0,,RNCSctp,,,,,SUM,3G,,,
3G_sctpassociation,3G_sctpassociation_pmAborteds,ericsson,pmAborteds,sctpassociation,20000085,20001275,pmAborteds,,#,sum,1.0,1.0,1402.0,,RNCsctpassociation,,,,,SUM,3G,,,
3G_sctpassociation,3G_sctpassociation_pmCongestions,ericsson,pmCongestions,sctpassociation,20000085,20001276,pmCongestions,,#,sum,1.0,1.0,1402.0,,RNCsctpassociation,,,,,SUM,3G,,,
3G_sctpassociation,3G_sctpassociation_pmInControlChunkAbnormal,ericsson,pmInControlChunkAbnormal,sctpassociation,20000085,20001277,pmInControlChunkAbnormal,,#,sum,1.0,1.0,1402.0,,RNCsctpassociation,,,,,SUM,3G,,,
3G_sctpassociation,3G_sctpassociation_pmInControlChunkDiscards,ericsson,pmInControlChunkDiscards,sctpassociation,20000085,20001278,pmInControlChunkDiscards,,#,sum,1.0,1.0,1402.0,,RNCsctpassociation,,,,,SUM,3G,,,
3G_sctpassociation,3G_sctpassociation_pmInControlChunks,ericsson,pmInControlChunks,sctpassociation,20000085,20001279,pmInControlChunks,,#,sum,1.0,1.0,1402.0,,RNCsctpassociation,,,,,SUM,3G,,,
3G_sctpassociation,3G_sctpassociation_pmInDataChunkAbnormal,ericsson,pmInDataChunkAbnormal,sctpassociation,20000085,20001280,pmInDataChunkAbnormal,,#,sum,1.0,1.0,1402.0,,RNCsctpassociation,,,,,SUM,3G,,,
3G_sctpassociation,3G_sctpassociation_pmInDataChunkDiscards,ericsson,pmInDataChunkDiscards,sctpassociation,20000085,20001281,pmInDataChunkDiscards,,#,sum,1.0,1.0,1402.0,,RNCsctpassociation,,,,,SUM,3G,,,
3G_sctpassociation,3G_sctpassociation_pmInDataChunks,ericsson,pmInDataChunks,sctpassociation,20000085,20001282,pmInDataChunks,,#,sum,1.0,1.0,1402.0,,RNCsctpassociation,,,,,SUM,3G,,,
3G_sctpassociation,3G_sctpassociation_pmInOctets,ericsson,pmInOctets,sctpassociation,20000085,20001283,pmInOctets,,byte,sum,1.0,1.0,1402.0,,RNCsctpassociation,,,,,SUM,3G,,,
3G_sctpassociation,3G_sctpassociation_pmInPacks,ericsson,pmInPacks,sctpassociation,20000085,20001284,pmInPacks,,#,sum,1.0,1.0,1402.0,,RNCsctpassociation,,,,,SUM,3G,,,
3G_sctpassociation,3G_sctpassociation_pmOutControlChunks,ericsson,pmOutControlChunks,sctpassociation,20000085,20001285,pmOutControlChunks,,#,sum,1.0,1.0,1402.0,,RNCsctpassociation,,,,,SUM,3G,,,
3G_sctpassociation,3G_sctpassociation_pmOutDataChunkDiscards,ericsson,pmOutDataChunkDiscards,sctpassociation,20000085,20001286,pmOutDataChunkDiscards,,#,sum,1.0,1.0,1402.0,,RNCsctpassociation,,,,,SUM,3G,,,
3G_sctpassociation,3G_sctpassociation_pmOutDataChunks,ericsson,pmOutDataChunks,sctpassociation,20000085,20001287,pmOutDataChunks,,#,sum,1.0,1.0,1402.0,,RNCsctpassociation,,,,,SUM,3G,,,
3G_sctpassociation,3G_sctpassociation_pmOutOctets,ericsson,pmOutOctets,sctpassociation,20000085,20001288,pmOutOctets,,byte,sum,1.0,1.0,1402.0,,RNCsctpassociation,,,,,SUM,3G,,,
3G_sctpassociation,3G_sctpassociation_pmOutPacks,ericsson,pmOutPacks,sctpassociation,20000085,20001289,pmOutPacks,,#,sum,1.0,1.0,1402.0,,RNCsctpassociation,,,,,SUM,3G,,,
3G_sctpassociation,3G_sctpassociation_pmOutUserMsgDiscards,ericsson,pmOutUserMsgDiscards,sctpassociation,20000085,20001290,pmOutUserMsgDiscards,,#,sum,1.0,1.0,1402.0,,RNCsctpassociation,,,,,SUM,3G,,,
3G_sctpassociation,3G_sctpassociation_pmPeerZeroWindows,ericsson,pmPeerZeroWindows,sctpassociation,20000085,20001291,pmPeerZeroWindows,,#,sum,1.0,1.0,1402.0,,RNCsctpassociation,,,,,SUM,3G,,,
3G_sctpassociation,3G_sctpassociation_pmRtxChunks,ericsson,pmRtxChunks,sctpassociation,20000085,20001292,pmRtxChunks,,#,sum,1.0,1.0,1402.0,,RNCsctpassociation,,,,,SUM,3G,,,
3G_sctpassociation,3G_sctpassociation_pmShutdowns,ericsson,pmShutdowns,sctpassociation,20000085,20001293,pmShutdowns,,#,sum,1.0,1.0,1402.0,,RNCsctpassociation,,,,,SUM,3G,,,
3G_sctpassociation,3G_sctpassociation_pmTimeCongested,ericsson,pmTimeCongested,sctpassociation,20000085,20001294,pmTimeCongested,,#,sum,1.0,1.0,1402.0,,RNCsctpassociation,,,,,SUM,3G,,,
3G_sctpassociation,3G_sctpassociation_pmTimePeerZeroWindow,ericsson,pmTimePeerZeroWindow,sctpassociation,20000085,20001295,pmTimePeerZeroWindow,,#,sum,1.0,1.0,1402.0,,RNCsctpassociation,,,,,SUM,3G,,,
3G_sctpassociation,3G_sctpassociation_pmTimeUnavail,ericsson,pmTimeUnavail,sctpassociation,20000085,20001296,pmTimeUnavail,,sec,sum,1.0,1.0,1402.0,,RNCsctpassociation,,,,,SUM,3G,,,
3G_sctpassociation,3G_sctpassociation_pmUnavailRetrans,ericsson,pmUnavailRetrans,sctpassociation,20000085,20001297,pmUnavailRetrans,,#,sum,1.0,1.0,1402.0,,RNCsctpassociation,,,,,SUM,3G,,,
3G_SecurityHandling,3G_SecurityHandling_pmIntegrityFailureRrcMsg,ericsson,pmIntegrityFailureRrcMsg,SecurityHandling,20000216,20002601,pmIntegrityFailureRrcMsg,,#,sum,1.0,1.0,1402.0,,RNCSecurityHandling,,,,,SUM,3G,,,
3G_Sts1SpeTtp,3G_Sts1SpeTtp_pmSesp,ericsson,pmSesp,Sts1SpeTtp,20000086,20001299,pmSesp,,sec,sum,1.0,1.0,1402.0,,RNCSts1SpeTtp,,,,,SUM,3G,,,
3G_Sts1SpeTtp,3G_Sts1SpeTtp_pmUasp,ericsson,pmUasp,Sts1SpeTtp,20000086,20001300,pmUasp,,sec,sum,1.0,1.0,1402.0,,RNCSts1SpeTtp,,,,,SUM,3G,,,
3G_SwitchInternalLinkPort,3G_SwitchInternalLinkPort_pmAverageFaultyMeasureRate,ericsson,pmAverageFaultyMeasureRate,SwitchInternalLinkPort,20000088,20001304,pmAverageFaultyMeasureRate,,%,avg,1.0,1.0,1402.0,,RNCSwitchInternalLinkPort,,,,,AVG,3G,,,
3G_SwitchInternalLinkPort,3G_SwitchInternalLinkPort_pmEgressDiscardsByOverload,ericsson,pmEgressDiscardsByOverload,SwitchInternalLinkPort,20000088,20001305,pmEgressDiscardsByOverload,,#,sum,1.0,1.0,1402.0,,RNCSwitchInternalLinkPort,,,,,SUM,3G,,,
3G_SwitchInternalLinkPort,3G_SwitchInternalLinkPort_pmEgressLoad,ericsson,pmEgressLoad,SwitchInternalLinkPort,20000088,20001306,pmEgressLoad,,%,avg,1.0,1.0,1402.0,,RNCSwitchInternalLinkPort,,,,,AVG,3G,,,
3G_SwitchInternalLinkPort,3G_SwitchInternalLinkPort_pmFaultyMeasureRate,ericsson,pmFaultyMeasureRate,SwitchInternalLinkPort,20000088,20001307,pmFaultyMeasureRate,,%,avg,1.0,1.0,1402.0,,RNCSwitchInternalLinkPort,,,,,AVG,3G,,,
3G_SwitchInternalLinkPort,3G_SwitchInternalLinkPort_pmIngressCorrupts15,ericsson,pmIngressCorrupts15,SwitchInternalLinkPort,20000088,20001308,pmIngressCorrupts15,,#,sum,1.0,1.0,1402.0,,RNCSwitchInternalLinkPort,,,,,SUM,3G,,,
3G_SwitchInternalLinkPort,3G_SwitchInternalLinkPort_pmIngressErrorsInLine15,ericsson,pmIngressErrorsInLine15,SwitchInternalLinkPort,20000088,20001309,pmIngressErrorsInLine15,,#,sum,1.0,1.0,1402.0,,RNCSwitchInternalLinkPort,,,,,SUM,3G,,,
3G_SwitchInternalLinkPort,3G_SwitchInternalLinkPort_pmIngressLoad,ericsson,pmIngressLoad,SwitchInternalLinkPort,20000088,20001310,pmIngressLoad,,%,avg,1.0,1.0,1402.0,,RNCSwitchInternalLinkPort,,,,,AVG,3G,,,
3G_SwitchInternalLinkPort,3G_SwitchInternalLinkPort_pmSeriouslyFaultyMeasureRate,ericsson,pmSeriouslyFaultyMeasureRate,SwitchInternalLinkPort,20000088,20001311,pmSeriouslyFaultyMeasureRate,,%,avg,1.0,1.0,1402.0,,RNCSwitchInternalLinkPort,,,,,AVG,3G,,,
3G_SwitchPortStp,3G_SwitchPortStp_pmReceivedBpdu,ericsson,pmReceivedBpdu,SwitchPortStp,20000089,20001312,pmReceivedBpdu,,#,sum,1.0,1.0,1402.0,,RNCSwitchPortStp,,,,,SUM,3G,,,
3G_SwitchPortStp,3G_SwitchPortStp_pmTransmittedBpdu,ericsson,pmTransmittedBpdu,SwitchPortStp,20000089,20001313,pmTransmittedBpdu,,#,sum,1.0,1.0,1402.0,,RNCSwitchPortStp,,,,,SUM,3G,,,
3G_SwitchStp,3G_SwitchStp_pmTopologyChanges,ericsson,pmTopologyChanges,SwitchStp,20000090,20001314,pmTopologyChanges,,#,sum,1.0,1.0,1402.0,,RNCSwitchStp,,,,,SUM,3G,,,
3G_Synchronization,3G_Synchronization_pmFreeRunningSec,ericsson,pmFreeRunningSec,Synchronization,20000091,20001315,pmFreeRunningSec,,sec,sum,1.0,1.0,1402.0,,RNCSynchronization,,,,,SUM,3G,,,
3G_Synchronization,3G_Synchronization_pmFreqHoldoverSec,ericsson,pmFreqHoldoverSec,Synchronization,20000091,20001316,pmFreqHoldoverSec,,sec,sum,1.0,1.0,1402.0,,RNCSynchronization,,,,,SUM,3G,,,
3G_UniSaalTp,3G_UniSaalTp_pmNoOfAllSLFailures,ericsson,pmNoOfAllSLFailures,UniSaalTp,20000096,20001339,pmNoOfAllSLFailures,,#,sum,1.0,1.0,1402.0,,RNCUniSaalTp,,,,,SUM,3G,,,
3G_Synchronization,3G_Synchronization_pmHDelayVarBest10Pct,ericsson,pmHDelayVarBest10Pct,Synchronization,20000091,20001317,pmHDelayVarBest10Pct,,microsec,avg,1.0,1.0,1402.0,,RNCSynchronization,,,,,AVG,3G,,,
3G_Synchronization,3G_Synchronization_pmHDelayVarBest1Pct,ericsson,pmHDelayVarBest1Pct,Synchronization,20000091,20001318,pmHDelayVarBest1Pct,,microsec,avg,1.0,1.0,1402.0,,RNCSynchronization,,,,,AVG,3G,,,
3G_Synchronization,3G_Synchronization_pmHDelayVarBest50Pct,ericsson,pmHDelayVarBest50Pct,Synchronization,20000091,20001319,pmHDelayVarBest50Pct,,microsec,avg,1.0,1.0,1402.0,,RNCSynchronization,,,,,AVG,3G,,,
3G_Synchronization,3G_Synchronization_pmMaxDelayVariation,ericsson,pmMaxDelayVariation,Synchronization,20000091,20001320,pmMaxDelayVariation,,microsec,max,1.0,1.0,1402.0,,RNCSynchronization,,,,,MAX,3G,,,
3G_Synchronization,3G_Synchronization_pmTimeFreeRunningSec,ericsson,pmTimeFreeRunningSec,Synchronization,20000091,20001321,pmTimeFreeRunningSec,,sec,sum,1.0,1.0,1402.0,,RNCSynchronization,,,,,SUM,3G,,,
3G_Synchronization,3G_Synchronization_pmTimeHoldoverSec,ericsson,pmTimeHoldoverSec,Synchronization,20000091,20001322,pmTimeHoldoverSec,,sec,sum,1.0,1.0,1402.0,,RNCSynchronization,,,,,SUM,3G,,,
3G_T1Ttp,3G_T1Ttp_pmSes,ericsson,pmSes,T1Ttp,20000093,20001327,pmSes,,sec,sum,1.0,1.0,1402.0,,RNCT1Ttp,,,,,SUM,3G,,,
3G_T1Ttp,3G_T1Ttp_pmUas,ericsson,pmUas,T1Ttp,20000093,20001328,pmUas,,sec,sum,1.0,1.0,1402.0,,RNCT1Ttp,,,,,SUM,3G,,,
3G_TrafficManagementQueue,3G_TrafficManagementQueue_pmQueueDroppedOctets,ericsson,pmQueueDroppedOctets,TrafficManagementQueue,20000094,20001329,pmQueueDroppedOctets,,byte,sum,1.0,1.0,1402.0,,RNCTrafficManagementQueue,,,,,SUM,3G,,,
3G_TrafficManagementQueue,3G_TrafficManagementQueue_pmQueueDroppedPackets,ericsson,pmQueueDroppedPackets,TrafficManagementQueue,20000094,20001330,pmQueueDroppedPackets,,packet,sum,1.0,1.0,1402.0,,RNCTrafficManagementQueue,,,,,SUM,3G,,,
3G_TrafficManagementQueue,3G_TrafficManagementQueue_pmQueueOutOctets,ericsson,pmQueueOutOctets,TrafficManagementQueue,20000094,20001331,pmQueueOutOctets,,byte,sum,1.0,1.0,1402.0,,RNCTrafficManagementQueue,,,,,SUM,3G,,,
3G_TrafficManagementQueue,3G_TrafficManagementQueue_pmQueueOutPackets,ericsson,pmQueueOutPackets,TrafficManagementQueue,20000094,20001332,pmQueueOutPackets,,packet,sum,1.0,1.0,1402.0,,RNCTrafficManagementQueue,,,,,SUM,3G,,,
3G_TwampResponder,3G_TwampResponder_pmTestInDiscards,ericsson,pmTestInDiscards,TwampResponder,20000095,20001333,pmTestInDiscards,,packet,sum,1.0,1.0,1402.0,,RNCTwampResponder,,,,,SUM,3G,,,
3G_TwampResponder,3G_TwampResponder_pmTestInErrors,ericsson,pmTestInErrors,TwampResponder,20000095,20001334,pmTestInErrors,,packet,sum,1.0,1.0,1402.0,,RNCTwampResponder,,,,,SUM,3G,,,
3G_TwampResponder,3G_TwampResponder_pmTestInReceives,ericsson,pmTestInReceives,TwampResponder,20000095,20001335,pmTestInReceives,,packet,sum,1.0,1.0,1402.0,,RNCTwampResponder,,,,,SUM,3G,,,
3G_TwampResponder,3G_TwampResponder_pmTestOutTransmits,ericsson,pmTestOutTransmits,TwampResponder,20000095,20001336,pmTestOutTransmits,,packet,sum,1.0,1.0,1402.0,,RNCTwampResponder,,,,,SUM,3G,,,
3G_TwampResponder,3G_TwampResponder_pmTestSessions,ericsson,pmTestSessions,TwampResponder,20000095,20001337,pmTestSessions,,#,sum,1.0,1.0,1402.0,,RNCTwampResponder,,,,,SUM,3G,,,
3G_UeRc,3G_UeRc_pmDlFachTrafficVolume,ericsson,pmDlFachTrafficVolume,UeRc,20000227,20002643,pmDlFachTrafficVolume,,kbit,sum,1.0,1.0,1402.0,,RNCUeRc,,,,,SUM,3G,,,
3G_UeRc,3G_UeRc_pmFaultyTransportBlocksAcUl,ericsson,pmFaultyTransportBlocksAcUl,UeRc,20000227,20002644,pmFaultyTransportBlocksAcUl,,#,sum,1.0,1.0,1402.0,,RNCUeRc,,,,,SUM,3G,,,
3G_UeRc,3G_UeRc_pmNoRabEstablishAttempts,ericsson,pmNoRabEstablishAttempts,UeRc,20000227,20002645,pmNoRabEstablishAttempts,,#,sum,1.0,1.0,1402.0,,RNCUeRc,,,,,SUM,3G,,,
3G_UeRc,3G_UeRc_pmNoRabEstablishSuccess,ericsson,pmNoRabEstablishSuccess,UeRc,20000227,20002646,pmNoRabEstablishSuccess,,#,sum,1.0,1.0,1402.0,,RNCUeRc,,,,,SUM,3G,,,
3G_UeRc,3G_UeRc_pmNoRabReleaseAttempts,ericsson,pmNoRabReleaseAttempts,UeRc,20000227,20002647,pmNoRabReleaseAttempts,,#,sum,1.0,1.0,1402.0,,RNCUeRc,,,,,SUM,3G,,,
3G_UeRc,3G_UeRc_pmNoRabReleaseSuccess,ericsson,pmNoRabReleaseSuccess,UeRc,20000227,20002648,pmNoRabReleaseSuccess,,#,sum,1.0,1.0,1402.0,,RNCUeRc,,,,,SUM,3G,,,
3G_UeRc,3G_UeRc_pmNormalReleaseSource,ericsson,pmNormalReleaseSource,UeRc,20000227,20002649,pmNormalReleaseSource,,#,sum,1.0,1.0,1402.0,,RNCUeRc,,,,,SUM,3G,,,
3G_UeRc,3G_UeRc_pmReconfAttSource,ericsson,pmReconfAttSource,UeRc,20000227,20002650,pmReconfAttSource,,#,sum,1.0,1.0,1402.0,,RNCUeRc,,,,,SUM,3G,,,
3G_UeRc,3G_UeRc_pmReconfAttTarget,ericsson,pmReconfAttTarget,UeRc,20000227,20002651,pmReconfAttTarget,,#,sum,1.0,1.0,1402.0,,RNCUeRc,,,,,SUM,3G,,,
3G_UeRc,3G_UeRc_pmReconfSuccSource,ericsson,pmReconfSuccSource,UeRc,20000227,20002652,pmReconfSuccSource,,#,sum,1.0,1.0,1402.0,,RNCUeRc,,,,,SUM,3G,,,
3G_UeRc,3G_UeRc_pmReconfSuccTarget,ericsson,pmReconfSuccTarget,UeRc,20000227,20002653,pmReconfSuccTarget,,#,sum,1.0,1.0,1402.0,,RNCUeRc,,,,,SUM,3G,,,
3G_UeRc,3G_UeRc_pmReconfSysRelSource,ericsson,pmReconfSysRelSource,UeRc,20000227,20002654,pmReconfSysRelSource,,#,sum,1.0,1.0,1402.0,,RNCUeRc,,,,,SUM,3G,,,
3G_UeRc,3G_UeRc_pmReconfSysRelTarget,ericsson,pmReconfSysRelTarget,UeRc,20000227,20002655,pmReconfSysRelTarget,,#,sum,1.0,1.0,1402.0,,RNCUeRc,,,,,SUM,3G,,,
3G_UeRc,3G_UeRc_pmSamplesRabEstablish,ericsson,pmSamplesRabEstablish,UeRc,20000227,20002656,pmSamplesRabEstablish,,#,sum,1.0,1.0,1402.0,,RNCUeRc,,,,,SUM,3G,,,
3G_UeRc,3G_UeRc_pmSumRabEstablish,ericsson,pmSumRabEstablish,UeRc,20000227,20002657,pmSumRabEstablish,,#,sum,1.0,1.0,1402.0,,RNCUeRc,,,,,SUM,3G,,,
3G_UeRc,3G_UeRc_pmSystemReleaseSource,ericsson,pmSystemReleaseSource,UeRc,20000227,20002658,pmSystemReleaseSource,,#,sum,1.0,1.0,1402.0,,RNCUeRc,,,,,SUM,3G,,,
3G_UeRc,3G_UeRc_pmTransportBlocksAcUl,ericsson,pmTransportBlocksAcUl,UeRc,20000227,20002659,pmTransportBlocksAcUl,,#,sum,1.0,1.0,1402.0,,RNCUeRc,,,,,SUM,3G,,,
3G_UeRc,3G_UeRc_pmUlDchTrafficVolumeAfterComb,ericsson,pmUlDchTrafficVolumeAfterComb,UeRc,20000227,20002660,pmUlDchTrafficVolumeAfterComb,,kbit,sum,1.0,1.0,1402.0,,RNCUeRc,,,,,SUM,3G,,,
3G_UeRc,3G_UeRc_pmUlRachTrafficVolume,ericsson,pmUlRachTrafficVolume,UeRc,20000227,20002661,pmUlRachTrafficVolume,,kbit,sum,1.0,1.0,1402.0,,RNCUeRc,,,,,SUM,3G,,,
3G_UniSaalTp,3G_UniSaalTp_pmLinkInServiceTime,ericsson,pmLinkInServiceTime,UniSaalTp,20000096,20001338,pmLinkInServiceTime,,sec,sum,1.0,1.0,1402.0,,RNCUniSaalTp,,,,,SUM,3G,,,
3G_UniSaalTp,3G_UniSaalTp_pmNoOfLocalCongestions,ericsson,pmNoOfLocalCongestions,UniSaalTp,20000096,20001340,pmNoOfLocalCongestions,,#,sum,1.0,1.0,1402.0,,RNCUniSaalTp,,,,,SUM,3G,,,
3G_UniSaalTp,3G_UniSaalTp_pmNoOfNoResponses,ericsson,pmNoOfNoResponses,UniSaalTp,20000096,20001341,pmNoOfNoResponses,,#,sum,1.0,1.0,1402.0,,RNCUniSaalTp,,,,,SUM,3G,,,
3G_UniSaalTp,3G_UniSaalTp_pmNoOfOtherErrors,ericsson,pmNoOfOtherErrors,UniSaalTp,20000096,20001342,pmNoOfOtherErrors,,#,sum,1.0,1.0,1402.0,,RNCUniSaalTp,,,,,SUM,3G,,,
3G_UniSaalTp,3G_UniSaalTp_pmNoOfProtocolErrors,ericsson,pmNoOfProtocolErrors,UniSaalTp,20000096,20001343,pmNoOfProtocolErrors,,#,sum,1.0,1.0,1402.0,,RNCUniSaalTp,,,,,SUM,3G,,,
3G_UniSaalTp,3G_UniSaalTp_pmNoOfReceivedSDUs,ericsson,pmNoOfReceivedSDUs,UniSaalTp,20000096,20001344,pmNoOfReceivedSDUs,,#,sum,1.0,1.0,1402.0,,RNCUniSaalTp,,,,,SUM,3G,,,
3G_UniSaalTp,3G_UniSaalTp_pmNoOfRemoteCongestions,ericsson,pmNoOfRemoteCongestions,UniSaalTp,20000096,20001345,pmNoOfRemoteCongestions,,#,sum,1.0,1.0,1402.0,,RNCUniSaalTp,,,,,SUM,3G,,,
3G_UniSaalTp,3G_UniSaalTp_pmNoOfSentSDUs,ericsson,pmNoOfSentSDUs,UniSaalTp,20000096,20001346,pmNoOfSentSDUs,,#,sum,1.0,1.0,1402.0,,RNCUniSaalTp,,,,,SUM,3G,,,
3G_UniSaalTp,3G_UniSaalTp_pmNoOfSequenceDataLosses,ericsson,pmNoOfSequenceDataLosses,UniSaalTp,20000096,20001347,pmNoOfSequenceDataLosses,,#,sum,1.0,1.0,1402.0,,RNCUniSaalTp,,,,,SUM,3G,,,
3G_UniSaalTp,3G_UniSaalTp_pmNoOfUnsuccReTransmissions,ericsson,pmNoOfUnsuccReTransmissions,UniSaalTp,20000096,20001348,pmNoOfUnsuccReTransmissions,,#,sum,1.0,1.0,1402.0,,RNCUniSaalTp,,,,,SUM,3G,,,
3G_Ura,3G_Ura_pmCnInitPagingToUraUe,ericsson,pmCnInitPagingToUraUe,Ura,20000229,20002673,pmCnInitPagingToUraUe,,#,sum,1.0,1.0,1402.0,,RNCUra,,,,,SUM,3G,,,
3G_Ura,3G_Ura_pmSamplesRabUra,ericsson,pmSamplesRabUra,Ura,20000229,20002674,pmSamplesRabUra,,#,sum,1.0,1.0,1402.0,,RNCUra,,,,,SUM,3G,,,
3G_Ura,3G_Ura_pmSumRabUra,ericsson,pmSumRabUra,Ura,20000229,20002675,pmSumRabUra,,#,sum,1.0,1.0,1402.0,,RNCUra,,,,,SUM,3G,,,
3G_Ura,3G_Ura_pmUtranInitPagingToUraUe,ericsson,pmUtranInitPagingToUraUe,Ura,20000229,20002676,pmUtranInitPagingToUraUe,,#,sum,1.0,1.0,1402.0,,RNCUra,,,,,SUM,3G,,,
3G_Ura,3G_Ura_pmWifiUraAtt,ericsson,pmWifiUraAtt,Ura,20000229,20002677,pmWifiUraAtt,,#,sum,1.0,1.0,1402.0,,RNCUra,,,,,SUM,3G,,,
3G_Ura,3G_Ura_pmWifiUraEstReq,ericsson,pmWifiUraEstReq,Ura,20000229,20002678,pmWifiUraEstReq,,#,sum,1.0,1.0,1402.0,,RNCUra,,,,,SUM,3G,,,
3G_UtranCell,3G_UtranCell_pmAnrRelationAdd,ericsson,pmAnrRelationAdd,UtranCell,20000230,20002679,pmAnrRelationAdd,,#,sum,1.0,1.0,1402.0,,RNCUtranCell,,,,,SUM,3G,,,
3G_UtranCell_V,3G_UtranCell_V_pmAttIratCcSrbFbrPs,ericsson,pmAttIratCcSrbFbrPs,UtranCell_V,20000231,20003449,pmAttIratCcSrbFbrPs,,#,sum,1.0,1.0,1402.0,,RNCUtranCell_V,,,,,SUM,3G,,,
3G_UtranCell_V,3G_UtranCell_V_pmAttIratHoSrbFbrCs,ericsson,pmAttIratHoSrbFbrCs,UtranCell_V,20000231,20003450,pmAttIratHoSrbFbrCs,,#,sum,1.0,1.0,1402.0,,RNCUtranCell_V,,,,,SUM,3G,,,
3G_UtranCell_V,3G_UtranCell_V_pmAttNonBlindIfhoSrbFbr,ericsson,pmAttNonBlindIfhoSrbFbr,UtranCell_V,20000231,20003451,pmAttNonBlindIfhoSrbFbr,,#,sum,1.0,1.0,1402.0,,RNCUtranCell_V,,,,,SUM,3G,,,
3G_UtranCell_V,3G_UtranCell_V_pmAutoTriggeredAcbPs,ericsson,pmAutoTriggeredAcbPs,UtranCell_V,20000231,20003452,pmAutoTriggeredAcbPs,,#,sum,1.0,1.0,1402.0,,RNCUtranCell_V,,,,,SUM,3G,,,
3G_UtranCell,3G_UtranCell_pmBmcTrafficVolume,ericsson,pmBmcTrafficVolume,UtranCell,20000230,20002680,pmBmcTrafficVolume,,kbit,sum,1.0,1.0,1402.0,,RNCUtranCell,,,,,SUM,3G,,,
3G_UtranCell,3G_UtranCell_pmCallReestAttCs,ericsson,pmCallReestAttCs,UtranCell,20000230,20002681,pmCallReestAttCs,,#,sum,1.0,1.0,1402.0,,RNCUtranCell,,,,,SUM,3G,,,
3G_UtranCell,3G_UtranCell_pmCallReestAttCsNwInit,ericsson,pmCallReestAttCsNwInit,UtranCell,20000230,20002682,pmCallReestAttCsNwInit,,#,sum,1.0,1.0,1402.0,,RNCUtranCell,,,,,SUM,3G,,,
3G_UtranCell,3G_UtranCell_pmCallReestAttPs,ericsson,pmCallReestAttPs,UtranCell,20000230,20002683,pmCallReestAttPs,,#,sum,1.0,1.0,1402.0,,RNCUtranCell,,,,,SUM,3G,,,
3G_UtranCell,3G_UtranCell_pmCallReestReqCs,ericsson,pmCallReestReqCs,UtranCell,20000230,20002684,pmCallReestReqCs,,#,sum,1.0,1.0,1402.0,,RNCUtranCell,,,,,SUM,3G,,,
3G_UtranCell,3G_UtranCell_pmCallReestReqCsNwInit,ericsson,pmCallReestReqCsNwInit,UtranCell,20000230,20002685,pmCallReestReqCsNwInit,,#,sum,1.0,1.0,1402.0,,RNCUtranCell,,,,,SUM,3G,,,
3G_UtranCell,3G_UtranCell_pmCallReestReqPs,ericsson,pmCallReestReqPs,UtranCell,20000230,20002686,pmCallReestReqPs,,#,sum,1.0,1.0,1402.0,,RNCUtranCell,,,,,SUM,3G,,,
3G_UtranCell,3G_UtranCell_pmCallReestSuccCs,ericsson,pmCallReestSuccCs,UtranCell,20000230,20002687,pmCallReestSuccCs,,#,sum,1.0,1.0,1402.0,,RNCUtranCell,,,,,SUM,3G,,,
3G_UtranCell,3G_UtranCell_pmCallReestSuccPs,ericsson,pmCallReestSuccPs,UtranCell,20000230,20002688,pmCallReestSuccPs,,#,sum,1.0,1.0,1402.0,,RNCUtranCell,,,,,SUM,3G,,,
3G_UtranCell,3G_UtranCell_pmCellDowntimeAuto,ericsson,pmCellDowntimeAuto,UtranCell,20000230,20002689,pmCellDowntimeAuto,,#,sum,1.0,1.0,1402.0,,RNCUtranCell,,,,,SUM,3G,,,
3G_UtranCell,3G_UtranCell_pmCellDowntimeMan,ericsson,pmCellDowntimeMan,UtranCell,20000230,20002690,pmCellDowntimeMan,,#,sum,1.0,1.0,1402.0,,RNCUtranCell,,,,,SUM,3G,,,
3G_UtranCell,3G_UtranCell_pmCellDowntimeTps,ericsson,pmCellDowntimeTps,UtranCell,20000230,20002691,pmCellDowntimeTps,,#,sum,1.0,1.0,1402.0,,RNCUtranCell,,,,,SUM,3G,,,
3G_UtranCell_V,3G_UtranCell_V_pmCellUpdateReleaseFbrCnOp,ericsson,pmCellUpdateReleaseFbrCnOp,UtranCell_V,20000231,20003453,pmCellUpdateReleaseFbrCnOp,,#,sum,1.0,1.0,1402.0,,RNCUtranCell_V,,,,,SUM,3G,,,
3G_UtranCell,3G_UtranCell_pmChSwitchAttemptDchUra,ericsson,pmChSwitchAttemptDchUra,UtranCell,20000230,20002692,pmChSwitchAttemptDchUra,,#,sum,1.0,1.0,1402.0,,RNCUtranCell,,,,,SUM,3G,,,
3G_UtranCell,3G_UtranCell_pmChSwitchAttemptEulUra,ericsson,pmChSwitchAttemptEulUra,UtranCell,20000230,20002693,pmChSwitchAttemptEulUra,,#,sum,1.0,1.0,1402.0,,RNCUtranCell,,,,,SUM,3G,,,
3G_UtranCell,3G_UtranCell_pmChSwitchAttemptFachUra,ericsson,pmChSwitchAttemptFachUra,UtranCell,20000230,20002694,pmChSwitchAttemptFachUra,,#,sum,1.0,1.0,1402.0,,RNCUtranCell,,,,,SUM,3G,,,
3G_UtranCell,3G_UtranCell_pmChSwitchAttemptHsUra,ericsson,pmChSwitchAttemptHsUra,UtranCell,20000230,20002695,pmChSwitchAttemptHsUra,,#,sum,1.0,1.0,1402.0,,RNCUtranCell,,,,,SUM,3G,,,
3G_UtranCell,3G_UtranCell_pmWifiHsRej,ericsson,pmWifiHsRej,UtranCell,20000230,20003443,pmWifiHsRej,,#,sum,1.0,1.0,1402.0,,RNCUtranCell,,,,,SUM,3G,,,
3G_UtranCell,3G_UtranCell_pmChSwitchAttemptUraDch,ericsson,pmChSwitchAttemptUraDch,UtranCell,20000230,20002696,pmChSwitchAttemptUraDch,,#,sum,1.0,1.0,1402.0,,RNCUtranCell,,,,,SUM,3G,,,
3G_UtranCell,3G_UtranCell_pmChSwitchAttemptUraDchCsInit,ericsson,pmChSwitchAttemptUraDchCsInit,UtranCell,20000230,20002697,pmChSwitchAttemptUraDchCsInit,,#,sum,1.0,1.0,1402.0,,RNCUtranCell,,,,,SUM,3G,,,
3G_UtranCell,3G_UtranCell_pmChSwitchAttemptUraEul,ericsson,pmChSwitchAttemptUraEul,UtranCell,20000230,20002698,pmChSwitchAttemptUraEul,,#,sum,1.0,1.0,1402.0,,RNCUtranCell,,,,,SUM,3G,,,
3G_UtranCell,3G_UtranCell_pmChSwitchAttemptUraEulCsInit,ericsson,pmChSwitchAttemptUraEulCsInit,UtranCell,20000230,20002699,pmChSwitchAttemptUraEulCsInit,,#,sum,1.0,1.0,1402.0,,RNCUtranCell,,,,,SUM,3G,,,
3G_UtranCell,3G_UtranCell_pmChSwitchAttemptUraFach,ericsson,pmChSwitchAttemptUraFach,UtranCell,20000230,20002700,pmChSwitchAttemptUraFach,,#,sum,1.0,1.0,1402.0,,RNCUtranCell,,,,,SUM,3G,,,
3G_UtranCell,3G_UtranCell_pmChSwitchAttemptUraHs,ericsson,pmChSwitchAttemptUraHs,UtranCell,20000230,20002701,pmChSwitchAttemptUraHs,,#,sum,1.0,1.0,1402.0,,RNCUtranCell,,,,,SUM,3G,,,
3G_UtranCell,3G_UtranCell_pmChSwitchAttemptUraHsCsInit,ericsson,pmChSwitchAttemptUraHsCsInit,UtranCell,20000230,20002702,pmChSwitchAttemptUraHsCsInit,,#,sum,1.0,1.0,1402.0,,RNCUtranCell,,,,,SUM,3G,,,
3G_UtranCell,3G_UtranCell_pmChSwitchFachIdle,ericsson,pmChSwitchFachIdle,UtranCell,20000230,20002703,pmChSwitchFachIdle,,#,sum,1.0,1.0,1402.0,,RNCUtranCell,,,,,SUM,3G,,,
3G_UtranCell,3G_UtranCell_pmChSwitchFailUraFachAdm,ericsson,pmChSwitchFailUraFachAdm,UtranCell,20000230,20002704,pmChSwitchFailUraFachAdm,,#,sum,1.0,1.0,1402.0,,RNCUtranCell,,,,,SUM,3G,,,
3G_UtranCell,3G_UtranCell_pmChSwitchSuccDchUra,ericsson,pmChSwitchSuccDchUra,UtranCell,20000230,20002705,pmChSwitchSuccDchUra,,#,sum,1.0,1.0,1402.0,,RNCUtranCell,,,,,SUM,3G,,,
3G_UtranCell,3G_UtranCell_pmChSwitchSuccEulUra,ericsson,pmChSwitchSuccEulUra,UtranCell,20000230,20002706,pmChSwitchSuccEulUra,,#,sum,1.0,1.0,1402.0,,RNCUtranCell,,,,,SUM,3G,,,
3G_UtranCell,3G_UtranCell_pmChSwitchSuccFachUra,ericsson,pmChSwitchSuccFachUra,UtranCell,20000230,20002707,pmChSwitchSuccFachUra,,#,sum,1.0,1.0,1402.0,,RNCUtranCell,,,,,SUM,3G,,,
3G_UtranCell,3G_UtranCell_pmChSwitchSuccHsUra,ericsson,pmChSwitchSuccHsUra,UtranCell,20000230,20002708,pmChSwitchSuccHsUra,,#,sum,1.0,1.0,1402.0,,RNCUtranCell,,,,,SUM,3G,,,
3G_UtranCell,3G_UtranCell_pmChSwitchSuccUraDch,ericsson,pmChSwitchSuccUraDch,UtranCell,20000230,20002709,pmChSwitchSuccUraDch,,#,sum,1.0,1.0,1402.0,,RNCUtranCell,,,,,SUM,3G,,,
3G_UtranCell,3G_UtranCell_pmChSwitchSuccUraDchCsInit,ericsson,pmChSwitchSuccUraDchCsInit,UtranCell,20000230,20002710,pmChSwitchSuccUraDchCsInit,,#,sum,1.0,1.0,1402.0,,RNCUtranCell,,,,,SUM,3G,,,
3G_UtranCell,3G_UtranCell_pmChSwitchSuccUraEul,ericsson,pmChSwitchSuccUraEul,UtranCell,20000230,20002711,pmChSwitchSuccUraEul,,#,sum,1.0,1.0,1402.0,,RNCUtranCell,,,,,SUM,3G,,,
3G_UtranCell,3G_UtranCell_pmChSwitchSuccUraEulCsInit,ericsson,pmChSwitchSuccUraEulCsInit,UtranCell,20000230,20002712,pmChSwitchSuccUraEulCsInit,,#,sum,1.0,1.0,1402.0,,RNCUtranCell,,,,,SUM,3G,,,
3G_UtranCell,3G_UtranCell_pmChSwitchSuccUraFach,ericsson,pmChSwitchSuccUraFach,UtranCell,20000230,20002713,pmChSwitchSuccUraFach,,#,sum,1.0,1.0,1402.0,,RNCUtranCell,,,,,SUM,3G,,,
3G_UtranCell,3G_UtranCell_pmChSwitchSuccUraHs,ericsson,pmChSwitchSuccUraHs,UtranCell,20000230,20002714,pmChSwitchSuccUraHs,,#,sum,1.0,1.0,1402.0,,RNCUtranCell,,,,,SUM,3G,,,
3G_UtranCell,3G_UtranCell_pmChSwitchSuccUraHsCsInit,ericsson,pmChSwitchSuccUraHsCsInit,UtranCell,20000230,20002715,pmChSwitchSuccUraHsCsInit,,#,sum,1.0,1.0,1402.0,,RNCUtranCell,,,,,SUM,3G,,,
3G_UtranCell,3G_UtranCell_pmCmAttDlHls,ericsson,pmCmAttDlHls,UtranCell,20000230,20002716,pmCmAttDlHls,,#,sum,1.0,1.0,1402.0,,RNCUtranCell,,,,,SUM,3G,,,
3G_UtranCell,3G_UtranCell_pmCmAttDlSf2,ericsson,pmCmAttDlSf2,UtranCell,20000230,20002717,pmCmAttDlSf2,,#,sum,1.0,1.0,1402.0,,RNCUtranCell,,,,,SUM,3G,,,
3G_UtranCell,3G_UtranCell_pmCmAttUlHls,ericsson,pmCmAttUlHls,UtranCell,20000230,20002718,pmCmAttUlHls,,#,sum,1.0,1.0,1402.0,,RNCUtranCell,,,,,SUM,3G,,,
3G_UtranCell,3G_UtranCell_pmCmAttUlSf2,ericsson,pmCmAttUlSf2,UtranCell,20000230,20002719,pmCmAttUlSf2,,#,sum,1.0,1.0,1402.0,,RNCUtranCell,,,,,SUM,3G,,,
3G_UtranCell_V,3G_UtranCell_V_pmCmCnReleaseSrbFbr,ericsson,pmCmCnReleaseSrbFbr,UtranCell_V,20000231,20003454,pmCmCnReleaseSrbFbr,,#,sum,1.0,1.0,1402.0,,RNCUtranCell_V,,,,,SUM,3G,,,
3G_UtranCell_V,3G_UtranCell_V_pmCmExpiresSrbFbr,ericsson,pmCmExpiresSrbFbr,UtranCell_V,20000231,20003455,pmCmExpiresSrbFbr,,#,sum,1.0,1.0,1402.0,,RNCUtranCell_V,,,,,SUM,3G,,,
3G_UtranCell_V,3G_UtranCell_V_pmCmStartSrbFbr,ericsson,pmCmStartSrbFbr,UtranCell_V,20000231,20003456,pmCmStartSrbFbr,,#,sum,1.0,1.0,1402.0,,RNCUtranCell_V,,,,,SUM,3G,,,
3G_UtranCell,3G_UtranCell_pmCmStop,ericsson,pmCmStop,UtranCell,20000230,20002720,pmCmStop,,#,sum,1.0,1.0,1402.0,,RNCUtranCell,,,,,SUM,3G,,,
3G_UtranCell,3G_UtranCell_pmCmSuccDlHls,ericsson,pmCmSuccDlHls,UtranCell,20000230,20002721,pmCmSuccDlHls,,#,sum,1.0,1.0,1402.0,,RNCUtranCell,,,,,SUM,3G,,,
3G_UtranCell,3G_UtranCell_pmCmSuccDlSf2,ericsson,pmCmSuccDlSf2,UtranCell,20000230,20002722,pmCmSuccDlSf2,,#,sum,1.0,1.0,1402.0,,RNCUtranCell,,,,,SUM,3G,,,
3G_UtranCell,3G_UtranCell_pmCmSuccUlHls,ericsson,pmCmSuccUlHls,UtranCell,20000230,20002723,pmCmSuccUlHls,,#,sum,1.0,1.0,1402.0,,RNCUtranCell,,,,,SUM,3G,,,
3G_UtranCell,3G_UtranCell_pmCmSuccUlSf2,ericsson,pmCmSuccUlSf2,UtranCell,20000230,20002724,pmCmSuccUlSf2,,#,sum,1.0,1.0,1402.0,,RNCUtranCell,,,,,SUM,3G,,,
3G_UtranCell,3G_UtranCell_pmCmTrigg2dEcno,ericsson,pmCmTrigg2dEcno,UtranCell,20000230,20002725,pmCmTrigg2dEcno,,#,sum,1.0,1.0,1402.0,,RNCUtranCell,,,,,SUM,3G,,,
3G_UtranCell,3G_UtranCell_pmCmTrigg2dRscp,ericsson,pmCmTrigg2dRscp,UtranCell,20000230,20002726,pmCmTrigg2dRscp,,#,sum,1.0,1.0,1402.0,,RNCUtranCell,,,,,SUM,3G,,,
3G_UtranCell,3G_UtranCell_pmCmTrigg6dUeTxPower,ericsson,pmCmTrigg6dUeTxPower,UtranCell,20000230,20002727,pmCmTrigg6dUeTxPower,,#,sum,1.0,1.0,1402.0,,RNCUtranCell,,,,,SUM,3G,,,
3G_UtranCell,3G_UtranCell_pmCmTriggDlCodePower,ericsson,pmCmTriggDlCodePower,UtranCell,20000230,20002728,pmCmTriggDlCodePower,,#,sum,1.0,1.0,1402.0,,RNCUtranCell,,,,,SUM,3G,,,
3G_UtranCell,3G_UtranCell_pmCmTriggLbho,ericsson,pmCmTriggLbho,UtranCell,20000230,20002729,pmCmTriggLbho,,#,sum,1.0,1.0,1402.0,,RNCUtranCell,,,,,SUM,3G,,,
3G_UtranCell,3G_UtranCell_pmCmTriggSbho,ericsson,pmCmTriggSbho,UtranCell,20000230,20002730,pmCmTriggSbho,,#,sum,1.0,1.0,1402.0,,RNCUtranCell,,,,,SUM,3G,,,
3G_UtranCell_V,3G_UtranCell_V_pmCsQueuingTime,ericsson,pmCsQueuingTime,UtranCell_V,20000231,20003457,pmCsQueuingTime,,#,sum,1.0,1.0,1402.0,,RNCUtranCell_V,,,,,SUM,3G,,,
3G_UtranCell_V,3G_UtranCell_V_pmDchDlRlcUserPacketThp,ericsson,pmDchDlRlcUserPacketThp,UtranCell_V,20000231,20003458,pmDchDlRlcUserPacketThp,,kbit/s,sum,1.0,1.0,1402.0,,RNCUtranCell_V,,,,,SUM,3G,,,
3G_UtranCell_V,3G_UtranCell_V_pmDchUlRlcUserPacketThp,ericsson,pmDchUlRlcUserPacketThp,UtranCell_V,20000231,20003459,pmDchUlRlcUserPacketThp,,kbit/s,sum,1.0,1.0,1402.0,,RNCUtranCell_V,,,,,SUM,3G,,,
3G_UtranCell,3G_UtranCell_pmDlTrafficVolumeAmr4750,ericsson,pmDlTrafficVolumeAmr4750,UtranCell,20000230,20002731,pmDlTrafficVolumeAmr4750,,kbit,sum,1.0,1.0,1402.0,,RNCUtranCell,,,,,SUM,3G,,,
3G_UtranCell,3G_UtranCell_pmDlTrafficVolumeAmr5900,ericsson,pmDlTrafficVolumeAmr5900,UtranCell,20000230,20002732,pmDlTrafficVolumeAmr5900,,kbit,sum,1.0,1.0,1402.0,,RNCUtranCell,,,,,SUM,3G,,,
3G_UtranCell,3G_UtranCell_pmDlTrafficVolumeAmr7950,ericsson,pmDlTrafficVolumeAmr7950,UtranCell,20000230,20002733,pmDlTrafficVolumeAmr7950,,kbit,sum,1.0,1.0,1402.0,,RNCUtranCell,,,,,SUM,3G,,,
3G_UtranCell,3G_UtranCell_pmDlTrafficVolumeAmrNbMm,ericsson,pmDlTrafficVolumeAmrNbMm,UtranCell,20000230,20002734,pmDlTrafficVolumeAmrNbMm,,kbit,sum,1.0,1.0,1402.0,,RNCUtranCell,,,,,SUM,3G,,,
3G_UtranCell,3G_UtranCell_pmDlTrafficVolumeAmrWb,ericsson,pmDlTrafficVolumeAmrWb,UtranCell,20000230,20002735,pmDlTrafficVolumeAmrWb,,#,sum,1.0,1.0,1402.0,,RNCUtranCell,,,,,SUM,3G,,,
3G_UtranCell,3G_UtranCell_pmDlTrafficVolumeCs12,ericsson,pmDlTrafficVolumeCs12,UtranCell,20000230,20002736,pmDlTrafficVolumeCs12,,kbit,sum,1.0,1.0,1402.0,,RNCUtranCell,,,,,SUM,3G,,,
3G_UtranCell,3G_UtranCell_pmDlTrafficVolumeCs57,ericsson,pmDlTrafficVolumeCs57,UtranCell,20000230,20002737,pmDlTrafficVolumeCs57,,kbit,sum,1.0,1.0,1402.0,,RNCUtranCell,,,,,SUM,3G,,,
3G_UtranCell,3G_UtranCell_pmDlTrafficVolumeCs64,ericsson,pmDlTrafficVolumeCs64,UtranCell,20000230,20002738,pmDlTrafficVolumeCs64,,kbit,sum,1.0,1.0,1402.0,,RNCUtranCell,,,,,SUM,3G,,,
3G_UtranCell,3G_UtranCell_pmDlTrafficVolumePs128,ericsson,pmDlTrafficVolumePs128,UtranCell,20000230,20002739,pmDlTrafficVolumePs128,,kbit,sum,1.0,1.0,1402.0,,RNCUtranCell,,,,,SUM,3G,,,
3G_UtranCell,3G_UtranCell_pmDlTrafficVolumePs16,ericsson,pmDlTrafficVolumePs16,UtranCell,20000230,20002740,pmDlTrafficVolumePs16,,kbit,sum,1.0,1.0,1402.0,,RNCUtranCell,,,,,SUM,3G,,,
3G_UtranCell,3G_UtranCell_pmDlTrafficVolumePs384,ericsson,pmDlTrafficVolumePs384,UtranCell,20000230,20002741,pmDlTrafficVolumePs384,,kbit,sum,1.0,1.0,1402.0,,RNCUtranCell,,,,,SUM,3G,,,
3G_UtranCell,3G_UtranCell_pmDlTrafficVolumePs64,ericsson,pmDlTrafficVolumePs64,UtranCell,20000230,20002742,pmDlTrafficVolumePs64,,kbit,sum,1.0,1.0,1402.0,,RNCUtranCell,,,,,SUM,3G,,,
3G_UtranCell,3G_UtranCell_pmDlTrafficVolumePs8,ericsson,pmDlTrafficVolumePs8,UtranCell,20000230,20002743,pmDlTrafficVolumePs8,,kbit,sum,1.0,1.0,1402.0,,RNCUtranCell,,,,,SUM,3G,,,
3G_UtranCell,3G_UtranCell_pmDlTrafficVolumePsCommon,ericsson,pmDlTrafficVolumePsCommon,UtranCell,20000230,20002744,pmDlTrafficVolumePsCommon,,kbit,sum,1.0,1.0,1402.0,,RNCUtranCell,,,,,SUM,3G,,,
3G_UtranCell,3G_UtranCell_pmDlTrafficVolumePsIntHs,ericsson,pmDlTrafficVolumePsIntHs,UtranCell,20000230,20002745,pmDlTrafficVolumePsIntHs,,kbit,sum,1.0,1.0,1402.0,,RNCUtranCell,,,,,SUM,3G,,,
3G_UtranCell,3G_UtranCell_pmDlTrafficVolumePsStr128,ericsson,pmDlTrafficVolumePsStr128,UtranCell,20000230,20002746,pmDlTrafficVolumePsStr128,,kbit,sum,1.0,1.0,1402.0,,RNCUtranCell,,,,,SUM,3G,,,
3G_UtranCell,3G_UtranCell_pmDlTrafficVolumePsStr16,ericsson,pmDlTrafficVolumePsStr16,UtranCell,20000230,20002747,pmDlTrafficVolumePsStr16,,kbit,sum,1.0,1.0,1402.0,,RNCUtranCell,,,,,SUM,3G,,,
3G_UtranCell,3G_UtranCell_pmDlTrafficVolumePsStr64,ericsson,pmDlTrafficVolumePsStr64,UtranCell,20000230,20002748,pmDlTrafficVolumePsStr64,,kbit,sum,1.0,1.0,1402.0,,RNCUtranCell,,,,,SUM,3G,,,
3G_UtranCell,3G_UtranCell_pmDlTrafficVolumePsStrHs,ericsson,pmDlTrafficVolumePsStrHs,UtranCell,20000230,20002749,pmDlTrafficVolumePsStrHs,,kbit,sum,1.0,1.0,1402.0,,RNCUtranCell,,,,,SUM,3G,,,
3G_UtranCell,3G_UtranCell_pmDlTrafficVolumeSrb136,ericsson,pmDlTrafficVolumeSrb136,UtranCell,20000230,20002750,pmDlTrafficVolumeSrb136,,kbit,sum,1.0,1.0,1402.0,,RNCUtranCell,,,,,SUM,3G,,,
3G_UtranCell,3G_UtranCell_pmDlTrafficVolumeSrb34,ericsson,pmDlTrafficVolumeSrb34,UtranCell,20000230,20002751,pmDlTrafficVolumeSrb34,,kbit,sum,1.0,1.0,1402.0,,RNCUtranCell,,,,,SUM,3G,,,
3G_UtranCell,3G_UtranCell_pmDlTrafficVolumeSrbOnlyHs,ericsson,pmDlTrafficVolumeSrbOnlyHs,UtranCell,20000230,20002752,pmDlTrafficVolumeSrbOnlyHs,,kbit,sum,1.0,1.0,1402.0,,RNCUtranCell,,,,,SUM,3G,,,
3G_UtranCell,3G_UtranCell_pmDlUpswitchAttemptHigh,ericsson,pmDlUpswitchAttemptHigh,UtranCell,20000230,20002753,pmDlUpswitchAttemptHigh,,#,sum,1.0,1.0,1402.0,,RNCUtranCell,,,,,SUM,3G,,,
3G_UtranCell,3G_UtranCell_pmDlUpswitchAttemptHs,ericsson,pmDlUpswitchAttemptHs,UtranCell,20000230,20002754,pmDlUpswitchAttemptHs,,#,sum,1.0,1.0,1402.0,,RNCUtranCell,,,,,SUM,3G,,,
3G_UtranCell,3G_UtranCell_pmDlUpswitchAttemptLow,ericsson,pmDlUpswitchAttemptLow,UtranCell,20000230,20002755,pmDlUpswitchAttemptLow,,#,sum,1.0,1.0,1402.0,,RNCUtranCell,,,,,SUM,3G,,,
3G_UtranCell,3G_UtranCell_pmDlUpswitchAttemptMedium,ericsson,pmDlUpswitchAttemptMedium,UtranCell,20000230,20002756,pmDlUpswitchAttemptMedium,,#,sum,1.0,1.0,1402.0,,RNCUtranCell,,,,,SUM,3G,,,
3G_UtranCell,3G_UtranCell_pmDlUpswitchSuccessHigh,ericsson,pmDlUpswitchSuccessHigh,UtranCell,20000230,20002757,pmDlUpswitchSuccessHigh,,#,sum,1.0,1.0,1402.0,,RNCUtranCell,,,,,SUM,3G,,,
3G_UtranCell,3G_UtranCell_pmDlUpswitchSuccessHs,ericsson,pmDlUpswitchSuccessHs,UtranCell,20000230,20002758,pmDlUpswitchSuccessHs,,#,sum,1.0,1.0,1402.0,,RNCUtranCell,,,,,SUM,3G,,,
3G_UtranCell,3G_UtranCell_pmDlUpswitchSuccessLow,ericsson,pmDlUpswitchSuccessLow,UtranCell,20000230,20002759,pmDlUpswitchSuccessLow,,#,sum,1.0,1.0,1402.0,,RNCUtranCell,,,,,SUM,3G,,,
3G_UtranCell,3G_UtranCell_pmDlUpswitchSuccessMedium,ericsson,pmDlUpswitchSuccessMedium,UtranCell,20000230,20002760,pmDlUpswitchSuccessMedium,,#,sum,1.0,1.0,1402.0,,RNCUtranCell,,,,,SUM,3G,,,
3G_UtranCell,3G_UtranCell_pmDownSwitchAttempt,ericsson,pmDownSwitchAttempt,UtranCell,20000230,20002761,pmDownSwitchAttempt,,#,sum,1.0,1.0,1402.0,,RNCUtranCell,,,,,SUM,3G,,,
3G_UtranCell,3G_UtranCell_pmDownSwitchSuccess,ericsson,pmDownSwitchSuccess,UtranCell,20000230,20002762,pmDownSwitchSuccess,,#,sum,1.0,1.0,1402.0,,RNCUtranCell,,,,,SUM,3G,,,
3G_UtranCell,3G_UtranCell_pmEnableEulHhoAttempt,ericsson,pmEnableEulHhoAttempt,UtranCell,20000230,20002763,pmEnableEulHhoAttempt,,#,sum,1.0,1.0,1402.0,,RNCUtranCell,,,,,SUM,3G,,,
3G_UtranCell,3G_UtranCell_pmEnableEulHhoSuccess,ericsson,pmEnableEulHhoSuccess,UtranCell,20000230,20002764,pmEnableEulHhoSuccess,,#,sum,1.0,1.0,1402.0,,RNCUtranCell,,,,,SUM,3G,,,
3G_UtranCell,3G_UtranCell_pmEnableHsHhoAttempt,ericsson,pmEnableHsHhoAttempt,UtranCell,20000230,20002765,pmEnableHsHhoAttempt,,#,sum,1.0,1.0,1402.0,,RNCUtranCell,,,,,SUM,3G,,,
3G_UtranCell,3G_UtranCell_pmEnableHsHhoSuccess,ericsson,pmEnableHsHhoSuccess,UtranCell,20000230,20002766,pmEnableHsHhoSuccess,,#,sum,1.0,1.0,1402.0,,RNCUtranCell,,,,,SUM,3G,,,
3G_UtranCell,3G_UtranCell_pmEulFachMacisPduTti10DelivSrb,ericsson,pmEulFachMacisPduTti10DelivSrb,UtranCell,20000230,20002767,pmEulFachMacisPduTti10DelivSrb,,#,sum,1.0,1.0,1402.0,,RNCUtranCell,,,,,SUM,3G,,,
3G_UtranCell_V,3G_UtranCell_V_pmEulFlexibleRlcPduSize,ericsson,pmEulFlexibleRlcPduSize,UtranCell_V,20000231,20003460,pmEulFlexibleRlcPduSize,,#,sum,1.0,1.0,1402.0,,RNCUtranCell_V,,,,,SUM,3G,,,
3G_UtranCell,3G_UtranCell_pmEulHarqTransmTti10Failure,ericsson,pmEulHarqTransmTti10Failure,UtranCell,20000230,20002771,pmEulHarqTransmTti10Failure,,#,sum,1.0,1.0,1402.0,,RNCUtranCell,,,,,SUM,3G,,,
3G_UtranCell_V,3G_UtranCell_V_pmeulharqtransmtti10psrabs,ericsson,pmeulharqtransmtti10psrabs,UtranCell_V,20000231,20003461,pmeulharqtransmtti10psrabs,,#,sum,1.0,1.0,1402.0,,RNCUtranCell_V,,,,,SUM,3G,,,
3G_UtranCell_V,3G_UtranCell_V_pmEulHarqTransmTti10Srb,ericsson,pmEulHarqTransmTti10Srb,UtranCell_V,20000231,20003462,pmEulHarqTransmTti10Srb,,#,sum,1.0,1.0,1402.0,,RNCUtranCell_V,,,,,SUM,3G,,,
3G_UtranCell,3G_UtranCell_pmEulHarqTransmTti2Failure,ericsson,pmEulHarqTransmTti2Failure,UtranCell,20000230,20002772,pmEulHarqTransmTti2Failure,,#,sum,1.0,1.0,1402.0,,RNCUtranCell,,,,,SUM,3G,,,
3G_UtranCell_V,3G_UtranCell_V_pmEulHarqTransmTti2PsRabs,ericsson,pmEulHarqTransmTti2PsRabs,UtranCell_V,20000231,20003463,pmEulHarqTransmTti2PsRabs,,#,sum,1.0,1.0,1402.0,,RNCUtranCell_V,,,,,SUM,3G,,,
3G_UtranCell_V,3G_UtranCell_V_pmEulHarqTransmTti2Srb,ericsson,pmEulHarqTransmTti2Srb,UtranCell_V,20000231,20003464,pmEulHarqTransmTti2Srb,,#,sum,1.0,1.0,1402.0,,RNCUtranCell_V,,,,,SUM,3G,,,
3G_UtranCell,3G_UtranCell_pmeulmacespdutti10delivpsrabs,ericsson,pmeulmacespdutti10delivpsrabs,UtranCell,20000230,20002773,pmeulmacespdutti10delivpsrabs,,#,sum,1.0,1.0,1402.0,,RNCUtranCell,,,,,SUM,3G,,,
3G_UtranCell,3G_UtranCell_pmEulMacesPduTti10DelivSrb,ericsson,pmEulMacesPduTti10DelivSrb,UtranCell,20000230,20002774,pmEulMacesPduTti10DelivSrb,,#,sum,1.0,1.0,1402.0,,RNCUtranCell,,,,,SUM,3G,,,
3G_UtranCell,3G_UtranCell_pmEulMacesPduTti10UndelivSrb,ericsson,pmEulMacesPduTti10UndelivSrb,UtranCell,20000230,20002776,pmEulMacesPduTti10UndelivSrb,,#,sum,1.0,1.0,1402.0,,RNCUtranCell,,,,,SUM,3G,,,
3G_UtranCell,3G_UtranCell_pmEulMacesPduTti2DelivPsRabs,ericsson,pmEulMacesPduTti2DelivPsRabs,UtranCell,20000230,20002777,pmEulMacesPduTti2DelivPsRabs,,#,sum,1.0,1.0,1402.0,,RNCUtranCell,,,,,SUM,3G,,,
3G_UtranCell,3G_UtranCell_pmEulMacesPduTti2DelivSrb,ericsson,pmEulMacesPduTti2DelivSrb,UtranCell,20000230,20002778,pmEulMacesPduTti2DelivSrb,,#,sum,1.0,1.0,1402.0,,RNCUtranCell,,,,,SUM,3G,,,
3G_UtranCell,3G_UtranCell_pmEulMacesPduTti2UndelivPsRabs,ericsson,pmEulMacesPduTti2UndelivPsRabs,UtranCell,20000230,20002779,pmEulMacesPduTti2UndelivPsRabs,,#,sum,1.0,1.0,1402.0,,RNCUtranCell,,,,,SUM,3G,,,
3G_UtranCell,3G_UtranCell_pmEulMacesPduTti2UndelivSrb,ericsson,pmEulMacesPduTti2UndelivSrb,UtranCell,20000230,20002780,pmEulMacesPduTti2UndelivSrb,,#,sum,1.0,1.0,1402.0,,RNCUtranCell,,,,,SUM,3G,,,
3G_UtranCell,3G_UtranCell_pmEulMacisPduTti10DelivPsRabs,ericsson,pmEulMacisPduTti10DelivPsRabs,UtranCell,20000230,20002781,pmEulMacisPduTti10DelivPsRabs,,#,sum,1.0,1.0,1402.0,,RNCUtranCell,,,,,SUM,3G,,,
3G_UtranCell,3G_UtranCell_pmEulMacisPduTti10DelivSrb,ericsson,pmEulMacisPduTti10DelivSrb,UtranCell,20000230,20002782,pmEulMacisPduTti10DelivSrb,,#,sum,1.0,1.0,1402.0,,RNCUtranCell,,,,,SUM,3G,,,
3G_UtranCell,3G_UtranCell_pmEulMacisPduTti10UndelivSrb,ericsson,pmEulMacisPduTti10UndelivSrb,UtranCell,20000230,20002784,pmEulMacisPduTti10UndelivSrb,,#,sum,1.0,1.0,1402.0,,RNCUtranCell,,,,,SUM,3G,,,
3G_UtranCell,3G_UtranCell_pmEulMacisPduTti2DelivPsRabs,ericsson,pmEulMacisPduTti2DelivPsRabs,UtranCell,20000230,20002785,pmEulMacisPduTti2DelivPsRabs,,#,sum,1.0,1.0,1402.0,,RNCUtranCell,,,,,SUM,3G,,,
3G_UtranCell,3G_UtranCell_pmEulMacisPduTti2DelivSrb,ericsson,pmEulMacisPduTti2DelivSrb,UtranCell,20000230,20002786,pmEulMacisPduTti2DelivSrb,,#,sum,1.0,1.0,1402.0,,RNCUtranCell,,,,,SUM,3G,,,
3G_UtranCell,3G_UtranCell_pmEulMacisPduTti2UndelivPsRabs,ericsson,pmEulMacisPduTti2UndelivPsRabs,UtranCell,20000230,20002787,pmEulMacisPduTti2UndelivPsRabs,,#,sum,1.0,1.0,1402.0,,RNCUtranCell,,,,,SUM,3G,,,
3G_UtranCell,3G_UtranCell_pmEulMacisPduTti2UndelivSrb,ericsson,pmEulMacisPduTti2UndelivSrb,UtranCell,20000230,20002788,pmEulMacisPduTti2UndelivSrb,,#,sum,1.0,1.0,1402.0,,RNCUtranCell,,,,,SUM,3G,,,
3G_UtranCell,3G_UtranCell_pmEulToDchAttempt,ericsson,pmEulToDchAttempt,UtranCell,20000230,20002789,pmEulToDchAttempt,,#,sum,1.0,1.0,1402.0,,RNCUtranCell,,,,,SUM,3G,,,
3G_UtranCell,3G_UtranCell_pmEulToDchSuccess,ericsson,pmEulToDchSuccess,UtranCell,20000230,20002790,pmEulToDchSuccess,,#,sum,1.0,1.0,1402.0,,RNCUtranCell,,,,,SUM,3G,,,
3G_UtranCell,3G_UtranCell_pmFaultyTransportBlocksBcUl,ericsson,pmFaultyTransportBlocksBcUl,UtranCell,20000230,20002791,pmFaultyTransportBlocksBcUl,,#,sum,1.0,1.0,1402.0,,RNCUtranCell,,,,,SUM,3G,,,
3G_UtranCell,3G_UtranCell_pmHsdschOverloadDetection,ericsson,pmHsdschOverloadDetection,UtranCell,20000230,20002792,pmHsdschOverloadDetection,,#,sum,1.0,1.0,1402.0,,RNCUtranCell,,,,,SUM,3G,,,
3G_UtranCell,3G_UtranCell_pmHsOlpcSirTargetUpdUlQual,ericsson,pmHsOlpcSirTargetUpdUlQual,UtranCell,20000230,20002794,pmHsOlpcSirTargetUpdUlQual,,#,sum,1.0,1.0,1402.0,,RNCUtranCell,,,,,SUM,3G,,,
3G_UtranCell,3G_UtranCell_pmHsOlpcUlTxResume,ericsson,pmHsOlpcUlTxResume,UtranCell,20000230,20002795,pmHsOlpcUlTxResume,,#,sum,1.0,1.0,1402.0,,RNCUtranCell,,,,,SUM,3G,,,
3G_UtranCell,3G_UtranCell_pmHsToDchAttempt,ericsson,pmHsToDchAttempt,UtranCell,20000230,20002796,pmHsToDchAttempt,,#,sum,1.0,1.0,1402.0,,RNCUtranCell,,,,,SUM,3G,,,
3G_UtranCell,3G_UtranCell_pmHsToDchSuccess,ericsson,pmHsToDchSuccess,UtranCell,20000230,20002797,pmHsToDchSuccess,,#,sum,1.0,1.0,1402.0,,RNCUtranCell,,,,,SUM,3G,,,
3G_UtranCell,3G_UtranCell_pmInactivityMultiPsInt,ericsson,pmInactivityMultiPsInt,UtranCell,20000230,20002798,pmInactivityMultiPsInt,,#,sum,1.0,1.0,1402.0,,RNCUtranCell,,,,,SUM,3G,,,
3G_UtranCell,3G_UtranCell_pmInactivityPsStreamIdle,ericsson,pmInactivityPsStreamIdle,UtranCell,20000230,20002799,pmInactivityPsStreamIdle,,#,sum,1.0,1.0,1402.0,,RNCUtranCell,,,,,SUM,3G,,,
3G_UtranCell,3G_UtranCell_pmInDchIflsHhoAtt,ericsson,pmInDchIflsHhoAtt,UtranCell,20000230,20002800,pmInDchIflsHhoAtt,,#,sum,1.0,1.0,1402.0,,RNCUtranCell,,,,,SUM,3G,,,
3G_UtranCell,3G_UtranCell_pmInDchIflsHhoSucc,ericsson,pmInDchIflsHhoSucc,UtranCell,20000230,20002801,pmInDchIflsHhoSucc,,#,sum,1.0,1.0,1402.0,,RNCUtranCell,,,,,SUM,3G,,,
3G_UtranCell,3G_UtranCell_pmInHsIflsHhoAtt,ericsson,pmInHsIflsHhoAtt,UtranCell,20000230,20002802,pmInHsIflsHhoAtt,,#,sum,1.0,1.0,1402.0,,RNCUtranCell,,,,,SUM,3G,,,
3G_UtranCell,3G_UtranCell_pmInHsIflsHhoSucc,ericsson,pmInHsIflsHhoSucc,UtranCell,20000230,20002803,pmInHsIflsHhoSucc,,#,sum,1.0,1.0,1402.0,,RNCUtranCell,,,,,SUM,3G,,,
3G_UtranCell,3G_UtranCell_pmInIratHoAttAckMulti,ericsson,pmInIratHoAttAckMulti,UtranCell,20000230,20002804,pmInIratHoAttAckMulti,,#,sum,1.0,1.0,1402.0,,RNCUtranCell,,,,,SUM,3G,,,
3G_UtranCell,3G_UtranCell_pmInIratHoAttAckPs,ericsson,pmInIratHoAttAckPs,UtranCell,20000230,20002805,pmInIratHoAttAckPs,,#,sum,1.0,1.0,1402.0,,RNCUtranCell,,,,,SUM,3G,,,
3G_UtranCell,3G_UtranCell_pmInIratHoAttAckPsCsfb,ericsson,pmInIratHoAttAckPsCsfb,UtranCell,20000230,20002806,pmInIratHoAttAckPsCsfb,,#,sum,1.0,1.0,1402.0,,RNCUtranCell,,,,,SUM,3G,,,
3G_UtranCell,3G_UtranCell_pmInIratHoAttAckPsCsfbHp,ericsson,pmInIratHoAttAckPsCsfbHp,UtranCell,20000230,20002807,pmInIratHoAttAckPsCsfbHp,,#,sum,1.0,1.0,1402.0,,RNCUtranCell,,,,,SUM,3G,,,
3G_UtranCell,3G_UtranCell_pmInIratHoAttMulti,ericsson,pmInIratHoAttMulti,UtranCell,20000230,20002808,pmInIratHoAttMulti,,#,sum,1.0,1.0,1402.0,,RNCUtranCell,,,,,SUM,3G,,,
3G_UtranCell,3G_UtranCell_pmInIratHoAttPs,ericsson,pmInIratHoAttPs,UtranCell,20000230,20002809,pmInIratHoAttPs,,#,sum,1.0,1.0,1402.0,,RNCUtranCell,,,,,SUM,3G,,,
3G_UtranCell,3G_UtranCell_pmInIratHoAttPsCsfb,ericsson,pmInIratHoAttPsCsfb,UtranCell,20000230,20002810,pmInIratHoAttPsCsfb,,#,sum,1.0,1.0,1402.0,,RNCUtranCell,,,,,SUM,3G,,,
3G_UtranCell,3G_UtranCell_pmInIratHoAttPsCsfbHp,ericsson,pmInIratHoAttPsCsfbHp,UtranCell,20000230,20002811,pmInIratHoAttPsCsfbHp,,#,sum,1.0,1.0,1402.0,,RNCUtranCell,,,,,SUM,3G,,,
3G_UtranCell,3G_UtranCell_pmInIratHoSuccMulti,ericsson,pmInIratHoSuccMulti,UtranCell,20000230,20002812,pmInIratHoSuccMulti,,#,sum,1.0,1.0,1402.0,,RNCUtranCell,,,,,SUM,3G,,,
3G_UtranCell,3G_UtranCell_pmInIratHoSuccPs,ericsson,pmInIratHoSuccPs,UtranCell,20000230,20002813,pmInIratHoSuccPs,,#,sum,1.0,1.0,1402.0,,RNCUtranCell,,,,,SUM,3G,,,
3G_UtranCell,3G_UtranCell_pmInIratHoSuccPsCsfb,ericsson,pmInIratHoSuccPsCsfb,UtranCell,20000230,20002814,pmInIratHoSuccPsCsfb,,#,sum,1.0,1.0,1402.0,,RNCUtranCell,,,,,SUM,3G,,,
3G_UtranCell,3G_UtranCell_pmInIratHoSuccPsCsfbHp,ericsson,pmInIratHoSuccPsCsfbHp,UtranCell,20000230,20002815,pmInIratHoSuccPsCsfbHp,,#,sum,1.0,1.0,1402.0,,RNCUtranCell,,,,,SUM,3G,,,
3G_UtranCell,3G_UtranCell_pmInRedirectHsIflsFach,ericsson,pmInRedirectHsIflsFach,UtranCell,20000230,20002816,pmInRedirectHsIflsFach,,#,sum,1.0,1.0,1402.0,,RNCUtranCell,,,,,SUM,3G,,,
3G_UtranCell,3G_UtranCell_pmInterFreqMeasCmStart,ericsson,pmInterFreqMeasCmStart,UtranCell,20000230,20002817,pmInterFreqMeasCmStart,,#,sum,1.0,1.0,1402.0,,RNCUtranCell,,,,,SUM,3G,,,
3G_UtranCell,3G_UtranCell_pmInterFreqMeasCmStop,ericsson,pmInterFreqMeasCmStop,UtranCell,20000230,20002818,pmInterFreqMeasCmStop,,#,sum,1.0,1.0,1402.0,,RNCUtranCell,,,,,SUM,3G,,,
3G_UtranCell,3G_UtranCell_pmInterFreqMeasNoCmStart,ericsson,pmInterFreqMeasNoCmStart,UtranCell,20000230,20002819,pmInterFreqMeasNoCmStart,,#,sum,1.0,1.0,1402.0,,RNCUtranCell,,,,,SUM,3G,,,
3G_UtranCell,3G_UtranCell_pmInterFreqMeasNoCmStop,ericsson,pmInterFreqMeasNoCmStop,UtranCell,20000230,20002820,pmInterFreqMeasNoCmStop,,#,sum,1.0,1.0,1402.0,,RNCUtranCell,,,,,SUM,3G,,,
3G_UtranCell,3G_UtranCell_pmIratHoGsmMeasCmStart,ericsson,pmIratHoGsmMeasCmStart,UtranCell,20000230,20002821,pmIratHoGsmMeasCmStart,,#,sum,1.0,1.0,1402.0,,RNCUtranCell,,,,,SUM,3G,,,
3G_UtranCell,3G_UtranCell_pmIratHoGsmMeasNoCmStart,ericsson,pmIratHoGsmMeasNoCmStart,UtranCell,20000230,20002822,pmIratHoGsmMeasNoCmStart,,#,sum,1.0,1.0,1402.0,,RNCUtranCell,,,,,SUM,3G,,,
3G_UtranCell_V,3G_UtranCell_V_pmLbhoGsmAttemptCnOp,ericsson,pmLbhoGsmAttemptCnOp,UtranCell_V,20000231,20003465,pmLbhoGsmAttemptCnOp,,#,sum,1.0,1.0,1402.0,,RNCUtranCell_V,,,,,SUM,3G,,,
3G_UtranCell_V,3G_UtranCell_V_pmLbhoGsmReleaseCnOp,ericsson,pmLbhoGsmReleaseCnOp,UtranCell_V,20000231,20003466,pmLbhoGsmReleaseCnOp,,#,sum,1.0,1.0,1402.0,,RNCUtranCell_V,,,,,SUM,3G,,,
3G_UtranCell_V,3G_UtranCell_V_pmLbhoGsmSuccessCnOp,ericsson,pmLbhoGsmSuccessCnOp,UtranCell_V,20000231,20003467,pmLbhoGsmSuccessCnOp,,#,sum,1.0,1.0,1402.0,,RNCUtranCell_V,,,,,SUM,3G,,,
3G_UtranCell,3G_UtranCell_pmMocnDedicPrioEutra,ericsson,pmMocnDedicPrioEutra,UtranCell,20000230,20002823,pmMocnDedicPrioEutra,,#,sum,1.0,1.0,1402.0,,RNCUtranCell,,,,,SUM,3G,,,
3G_UtranCell_V,3G_UtranCell_V_pmMocnTrafficVolumePsDl,ericsson,pmMocnTrafficVolumePsDl,UtranCell_V,20000231,20003468,pmMocnTrafficVolumePsDl,,kbit,sum,1.0,1.0,1402.0,,RNCUtranCell_V,,,,,SUM,3G,,,
3G_UtranCell_V,3G_UtranCell_V_pmMocnTrafficVolumePsUl,ericsson,pmMocnTrafficVolumePsUl,UtranCell_V,20000231,20003469,pmMocnTrafficVolumePsUl,,kbit,sum,1.0,1.0,1402.0,,RNCUtranCell_V,,,,,SUM,3G,,,
3G_UtranCell,3G_UtranCell_pmNoAttScheduledBmcCbsMsgs,ericsson,pmNoAttScheduledBmcCbsMsgs,UtranCell,20000230,20002824,pmNoAttScheduledBmcCbsMsgs,,#,sum,1.0,1.0,1402.0,,RNCUtranCell,,,,,SUM,3G,,,
3G_UtranCell,3G_UtranCell_pmNoCellDchDisconnectAbnorm,ericsson,pmNoCellDchDisconnectAbnorm,UtranCell,20000230,20002825,pmNoCellDchDisconnectAbnorm,,#,sum,1.0,1.0,1402.0,,RNCUtranCell,,,,,SUM,3G,,,
3G_UtranCell,3G_UtranCell_pmNoCellDchDisconnectNormal,ericsson,pmNoCellDchDisconnectNormal,UtranCell,20000230,20002826,pmNoCellDchDisconnectNormal,,#,sum,1.0,1.0,1402.0,,RNCUtranCell,,,,,SUM,3G,,,
3G_UtranCell,3G_UtranCell_pmNoCellFachDiscAbnormEulFach,ericsson,pmNoCellFachDiscAbnormEulFach,UtranCell,20000230,20002827,pmNoCellFachDiscAbnormEulFach,,#,sum,1.0,1.0,1402.0,,RNCUtranCell,,,,,SUM,3G,,,
3G_UtranCell,3G_UtranCell_pmNoCellFachDisconnectAbnorm,ericsson,pmNoCellFachDisconnectAbnorm,UtranCell,20000230,20002828,pmNoCellFachDisconnectAbnorm,,#,sum,1.0,1.0,1402.0,,RNCUtranCell,,,,,SUM,3G,,,
3G_UtranCell,3G_UtranCell_pmNoCellFachDisconnectNormal,ericsson,pmNoCellFachDisconnectNormal,UtranCell,20000230,20002829,pmNoCellFachDisconnectNormal,,#,sum,1.0,1.0,1402.0,,RNCUtranCell,,,,,SUM,3G,,,
3G_UtranCell,3G_UtranCell_pmNoCellUpdateAttMultiCs,ericsson,pmNoCellUpdateAttMultiCs,UtranCell,20000230,20002830,pmNoCellUpdateAttMultiCs,,#,sum,1.0,1.0,1402.0,,RNCUtranCell,,,,,SUM,3G,,,
3G_UtranCell,3G_UtranCell_pmNoCellUpdateAttMultiCsLu,ericsson,pmNoCellUpdateAttMultiCsLu,UtranCell,20000230,20002831,pmNoCellUpdateAttMultiCsLu,,#,sum,1.0,1.0,1402.0,,RNCUtranCell,,,,,SUM,3G,,,
3G_UtranCell,3G_UtranCell_pmNoCellUpdateAttMultiCsSms,ericsson,pmNoCellUpdateAttMultiCsSms,UtranCell,20000230,20002832,pmNoCellUpdateAttMultiCsSms,,#,sum,1.0,1.0,1402.0,,RNCUtranCell,,,,,SUM,3G,,,
3G_UtranCell,3G_UtranCell_pmNoCellUpdateAttMultiCsTerm,ericsson,pmNoCellUpdateAttMultiCsTerm,UtranCell,20000230,20002833,pmNoCellUpdateAttMultiCsTerm,,#,sum,1.0,1.0,1402.0,,RNCUtranCell,,,,,SUM,3G,,,
3G_UtranCell,3G_UtranCell_pmNoCellUpdateSuccMultiCs,ericsson,pmNoCellUpdateSuccMultiCs,UtranCell,20000230,20002834,pmNoCellUpdateSuccMultiCs,,#,sum,1.0,1.0,1402.0,,RNCUtranCell,,,,,SUM,3G,,,
3G_UtranCell,3G_UtranCell_pmNoCellUpdateSuccMultiCsLu,ericsson,pmNoCellUpdateSuccMultiCsLu,UtranCell,20000230,20002835,pmNoCellUpdateSuccMultiCsLu,,#,sum,1.0,1.0,1402.0,,RNCUtranCell,,,,,SUM,3G,,,
3G_UtranCell,3G_UtranCell_pmNoCellUpdateSuccMultiCsSms,ericsson,pmNoCellUpdateSuccMultiCsSms,UtranCell,20000230,20002836,pmNoCellUpdateSuccMultiCsSms,,#,sum,1.0,1.0,1402.0,,RNCUtranCell,,,,,SUM,3G,,,
3G_UtranCell,3G_UtranCell_pmNoCellUpdateSuccMultiCsTerm,ericsson,pmNoCellUpdateSuccMultiCsTerm,UtranCell,20000230,20002837,pmNoCellUpdateSuccMultiCsTerm,,#,sum,1.0,1.0,1402.0,,RNCUtranCell,,,,,SUM,3G,,,
3G_UtranCell,3G_UtranCell_pmNoCellUpdAttempt,ericsson,pmNoCellUpdAttempt,UtranCell,20000230,20002838,pmNoCellUpdAttempt,,#,sum,1.0,1.0,1402.0,,RNCUtranCell,,,,,SUM,3G,,,
3G_UtranCell,3G_UtranCell_pmNoCellUpdSuccess,ericsson,pmNoCellUpdSuccess,UtranCell,20000230,20002839,pmNoCellUpdSuccess,,#,sum,1.0,1.0,1402.0,,RNCUtranCell,,,,,SUM,3G,,,
3G_UtranCell,3G_UtranCell_pmNoCs64DchDiscAbnorm,ericsson,pmNoCs64DchDiscAbnorm,UtranCell,20000230,20002840,pmNoCs64DchDiscAbnorm,,#,sum,1.0,1.0,1402.0,,RNCUtranCell,,,,,SUM,3G,,,
3G_UtranCell,3G_UtranCell_pmNoCs64DchDiscNormal,ericsson,pmNoCs64DchDiscNormal,UtranCell,20000230,20002841,pmNoCs64DchDiscNormal,,#,sum,1.0,1.0,1402.0,,RNCUtranCell,,,,,SUM,3G,,,
3G_UtranCell,3G_UtranCell_pmNoCsStreamDchDiscAbnorm,ericsson,pmNoCsStreamDchDiscAbnorm,UtranCell,20000230,20002842,pmNoCsStreamDchDiscAbnorm,,#,sum,1.0,1.0,1402.0,,RNCUtranCell,,,,,SUM,3G,,,
3G_UtranCell,3G_UtranCell_pmNoCsStreamDchDiscNormal,ericsson,pmNoCsStreamDchDiscNormal,UtranCell,20000230,20002843,pmNoCsStreamDchDiscNormal,,#,sum,1.0,1.0,1402.0,,RNCUtranCell,,,,,SUM,3G,,,
3G_UtranCell,3G_UtranCell_pmNoDirRetryAtt,ericsson,pmNoDirRetryAtt,UtranCell,20000230,20002844,pmNoDirRetryAtt,,#,sum,1.0,1.0,1402.0,,RNCUtranCell,,,,,SUM,3G,,,
3G_UtranCell,3G_UtranCell_pmNoDirRetrySuccess,ericsson,pmNoDirRetrySuccess,UtranCell,20000230,20002845,pmNoDirRetrySuccess,,#,sum,1.0,1.0,1402.0,,RNCUtranCell,,,,,SUM,3G,,,
3G_UtranCell,3G_UtranCell_pmNoDiscardedBmcCbsMsgs,ericsson,pmNoDiscardedBmcCbsMsgs,UtranCell,20000230,20002846,pmNoDiscardedBmcCbsMsgs,,#,sum,1.0,1.0,1402.0,,RNCUtranCell,,,,,SUM,3G,,,
3G_UtranCell,3G_UtranCell_pmNoDiscardSduDtchHsPsStream,ericsson,pmNoDiscardSduDtchHsPsStream,UtranCell,20000230,20002848,pmNoDiscardSduDtchHsPsStream,,#,sum,1.0,1.0,1402.0,,RNCUtranCell,,,,,SUM,3G,,,
3G_UtranCell,3G_UtranCell_pmNoEulCcAttempt,ericsson,pmNoEulCcAttempt,UtranCell,20000230,20002849,pmNoEulCcAttempt,,#,sum,1.0,1.0,1402.0,,RNCUtranCell,,,,,SUM,3G,,,
3G_UtranCell,3G_UtranCell_pmNoEulCcSuccess,ericsson,pmNoEulCcSuccess,UtranCell,20000230,20002850,pmNoEulCcSuccess,,#,sum,1.0,1.0,1402.0,,RNCUtranCell,,,,,SUM,3G,,,
3G_UtranCell,3G_UtranCell_pmNoEulHardHoReturnOldChSource,ericsson,pmNoEulHardHoReturnOldChSource,UtranCell,20000230,20002851,pmNoEulHardHoReturnOldChSource,,#,sum,1.0,1.0,1402.0,,RNCUtranCell,,,,,SUM,3G,,,
3G_UtranCell,3G_UtranCell_pmNoEulHardHoReturnOldChTarget,ericsson,pmNoEulHardHoReturnOldChTarget,UtranCell,20000230,20002852,pmNoEulHardHoReturnOldChTarget,,#,sum,1.0,1.0,1402.0,,RNCUtranCell,,,,,SUM,3G,,,
3G_UtranCell,3G_UtranCell_pmNoFailedAfterAdm,ericsson,pmNoFailedAfterAdm,UtranCell,20000230,20002853,pmNoFailedAfterAdm,,#,sum,1.0,1.0,1402.0,,RNCUtranCell,,,,,SUM,3G,,,
3G_UtranCell,3G_UtranCell_pmNoFailedRrcConnectReqCsHw,ericsson,pmNoFailedRrcConnectReqCsHw,UtranCell,20000230,20002863,pmNoFailedRrcConnectReqCsHw,,#,sum,1.0,1.0,1402.0,,RNCUtranCell,,,,,SUM,3G,,,
3G_UtranCell,3G_UtranCell_pmNoFailedRrcConnectReqHw,ericsson,pmNoFailedRrcConnectReqHw,UtranCell,20000230,20002864,pmNoFailedRrcConnectReqHw,,#,sum,1.0,1.0,1402.0,,RNCUtranCell,,,,,SUM,3G,,,
3G_UtranCell,3G_UtranCell_pmNoFailedRrcConnectReqPsHw,ericsson,pmNoFailedRrcConnectReqPsHw,UtranCell,20000230,20002865,pmNoFailedRrcConnectReqPsHw,,#,sum,1.0,1.0,1402.0,,RNCUtranCell,,,,,SUM,3G,,,
3G_UtranCell,3G_UtranCell_pmNoHsCcAttempt,ericsson,pmNoHsCcAttempt,UtranCell,20000230,20002866,pmNoHsCcAttempt,,#,sum,1.0,1.0,1402.0,,RNCUtranCell,,,,,SUM,3G,,,
3G_UtranCell,3G_UtranCell_pmNoHsCcSuccess,ericsson,pmNoHsCcSuccess,UtranCell,20000230,20002867,pmNoHsCcSuccess,,#,sum,1.0,1.0,1402.0,,RNCUtranCell,,,,,SUM,3G,,,
3G_UtranCell,3G_UtranCell_pmNoHsHardHoReturnOldChSource,ericsson,pmNoHsHardHoReturnOldChSource,UtranCell,20000230,20002868,pmNoHsHardHoReturnOldChSource,,#,sum,1.0,1.0,1402.0,,RNCUtranCell,,,,,SUM,3G,,,
3G_UtranCell,3G_UtranCell_pmNoHsHardHoReturnOldChTarget,ericsson,pmNoHsHardHoReturnOldChTarget,UtranCell,20000230,20002869,pmNoHsHardHoReturnOldChTarget,,#,sum,1.0,1.0,1402.0,,RNCUtranCell,,,,,SUM,3G,,,
3G_UtranCell,3G_UtranCell_pmNoIncomingEulHardHoAttempt,ericsson,pmNoIncomingEulHardHoAttempt,UtranCell,20000230,20002870,pmNoIncomingEulHardHoAttempt,,#,sum,1.0,1.0,1402.0,,RNCUtranCell,,,,,SUM,3G,,,
3G_UtranCell,3G_UtranCell_pmNoIncomingEulHardHoSuccess,ericsson,pmNoIncomingEulHardHoSuccess,UtranCell,20000230,20002871,pmNoIncomingEulHardHoSuccess,,#,sum,1.0,1.0,1402.0,,RNCUtranCell,,,,,SUM,3G,,,
3G_UtranCell,3G_UtranCell_pmWifiR99Adm,ericsson,pmWifiR99Adm,UtranCell,20000230,20003444,pmWifiR99Adm,,#,sum,1.0,1.0,1402.0,,RNCUtranCell,,,,,SUM,3G,,,
3G_UtranCell,3G_UtranCell_pmNoIncomingHsHardHoAttempt,ericsson,pmNoIncomingHsHardHoAttempt,UtranCell,20000230,20002872,pmNoIncomingHsHardHoAttempt,,#,sum,1.0,1.0,1402.0,,RNCUtranCell,,,,,SUM,3G,,,
3G_UtranCell,3G_UtranCell_pmNoIncomingHsHardHoSuccess,ericsson,pmNoIncomingHsHardHoSuccess,UtranCell,20000230,20002873,pmNoIncomingHsHardHoSuccess,,#,sum,1.0,1.0,1402.0,,RNCUtranCell,,,,,SUM,3G,,,
3G_UtranCell,3G_UtranCell_pmNoInCsIratHoAdmFail,ericsson,pmNoInCsIratHoAdmFail,UtranCell,20000230,20002876,pmNoInCsIratHoAdmFail,,#,sum,1.0,1.0,1402.0,,RNCUtranCell,,,,,SUM,3G,,,
3G_UtranCell,3G_UtranCell_pmNoInCsIratHoAtt,ericsson,pmNoInCsIratHoAtt,UtranCell,20000230,20002877,pmNoInCsIratHoAtt,,#,sum,1.0,1.0,1402.0,,RNCUtranCell,,,,,SUM,3G,,,
3G_UtranCell,3G_UtranCell_pmNoInCsIratHoSuccess,ericsson,pmNoInCsIratHoSuccess,UtranCell,20000230,20002878,pmNoInCsIratHoSuccess,,#,sum,1.0,1.0,1402.0,,RNCUtranCell,,,,,SUM,3G,,,
3G_UtranCell,3G_UtranCell_pmNoInIratHoAttAmrNb,ericsson,pmNoInIratHoAttAmrNb,UtranCell,20000230,20002879,pmNoInIratHoAttAmrNb,,#,sum,1.0,1.0,1402.0,,RNCUtranCell,,,,,SUM,3G,,,
3G_UtranCell,3G_UtranCell_pmNoInIratHoAttAmrWb,ericsson,pmNoInIratHoAttAmrWb,UtranCell,20000230,20002880,pmNoInIratHoAttAmrWb,,#,sum,1.0,1.0,1402.0,,RNCUtranCell,,,,,SUM,3G,,,
3G_UtranCell,3G_UtranCell_pmNoInIratHoAttPsInt,ericsson,pmNoInIratHoAttPsInt,UtranCell,20000230,20002881,pmNoInIratHoAttPsInt,,#,sum,1.0,1.0,1402.0,,RNCUtranCell,,,,,SUM,3G,,,
3G_UtranCell,3G_UtranCell_pmNoInIratHoAttPsIntEul,ericsson,pmNoInIratHoAttPsIntEul,UtranCell,20000230,20002882,pmNoInIratHoAttPsIntEul,,#,sum,1.0,1.0,1402.0,,RNCUtranCell,,,,,SUM,3G,,,
3G_UtranCell,3G_UtranCell_pmNoInIratHoAttPsIntHs,ericsson,pmNoInIratHoAttPsIntHs,UtranCell,20000230,20002883,pmNoInIratHoAttPsIntHs,,#,sum,1.0,1.0,1402.0,,RNCUtranCell,,,,,SUM,3G,,,
3G_UtranCell,3G_UtranCell_pmNoInIratHoAttPsIntNonHs,ericsson,pmNoInIratHoAttPsIntNonHs,UtranCell,20000230,20002884,pmNoInIratHoAttPsIntNonHs,,#,sum,1.0,1.0,1402.0,,RNCUtranCell,,,,,SUM,3G,,,
3G_UtranCell,3G_UtranCell_pmNoInIratHoAttPsStr,ericsson,pmNoInIratHoAttPsStr,UtranCell,20000230,20002885,pmNoInIratHoAttPsStr,,#,sum,1.0,1.0,1402.0,,RNCUtranCell,,,,,SUM,3G,,,
3G_UtranCell,3G_UtranCell_pmNoInIratHoAttPsStr128,ericsson,pmNoInIratHoAttPsStr128,UtranCell,20000230,20002886,pmNoInIratHoAttPsStr128,,#,sum,1.0,1.0,1402.0,,RNCUtranCell,,,,,SUM,3G,,,
3G_UtranCell,3G_UtranCell_pmNoInIratHoAttPsStrHs,ericsson,pmNoInIratHoAttPsStrHs,UtranCell,20000230,20002887,pmNoInIratHoAttPsStrHs,,#,sum,1.0,1.0,1402.0,,RNCUtranCell,,,,,SUM,3G,,,
3G_UtranCell,3G_UtranCell_pmNoInIratHoAttSpeech,ericsson,pmNoInIratHoAttSpeech,UtranCell,20000230,20002888,pmNoInIratHoAttSpeech,,#,sum,1.0,1.0,1402.0,,RNCUtranCell,,,,,SUM,3G,,,
3G_UtranCell,3G_UtranCell_pmNoInIratHoSuccAmrNb,ericsson,pmNoInIratHoSuccAmrNb,UtranCell,20000230,20002889,pmNoInIratHoSuccAmrNb,,#,sum,1.0,1.0,1402.0,,RNCUtranCell,,,,,SUM,3G,,,
3G_UtranCell,3G_UtranCell_pmNoInIratHoSuccAmrWb,ericsson,pmNoInIratHoSuccAmrWb,UtranCell,20000230,20002890,pmNoInIratHoSuccAmrWb,,#,sum,1.0,1.0,1402.0,,RNCUtranCell,,,,,SUM,3G,,,
3G_UtranCell,3G_UtranCell_pmNoInIratHoSuccPsInt,ericsson,pmNoInIratHoSuccPsInt,UtranCell,20000230,20002891,pmNoInIratHoSuccPsInt,,#,sum,1.0,1.0,1402.0,,RNCUtranCell,,,,,SUM,3G,,,
3G_UtranCell,3G_UtranCell_pmNoInIratHoSuccPsIntEul,ericsson,pmNoInIratHoSuccPsIntEul,UtranCell,20000230,20002892,pmNoInIratHoSuccPsIntEul,,#,sum,1.0,1.0,1402.0,,RNCUtranCell,,,,,SUM,3G,,,
3G_UtranCell,3G_UtranCell_pmNoInIratHoSuccPsIntHs,ericsson,pmNoInIratHoSuccPsIntHs,UtranCell,20000230,20002893,pmNoInIratHoSuccPsIntHs,,#,sum,1.0,1.0,1402.0,,RNCUtranCell,,,,,SUM,3G,,,
3G_UtranCell,3G_UtranCell_pmNoInIratHoSuccPsIntNonHs,ericsson,pmNoInIratHoSuccPsIntNonHs,UtranCell,20000230,20002894,pmNoInIratHoSuccPsIntNonHs,,#,sum,1.0,1.0,1402.0,,RNCUtranCell,,,,,SUM,3G,,,
3G_UtranCell,3G_UtranCell_pmNoInIratHoSuccPsStr,ericsson,pmNoInIratHoSuccPsStr,UtranCell,20000230,20002895,pmNoInIratHoSuccPsStr,,#,sum,1.0,1.0,1402.0,,RNCUtranCell,,,,,SUM,3G,,,
3G_UtranCell,3G_UtranCell_pmNoInIratHoSuccPsStr128,ericsson,pmNoInIratHoSuccPsStr128,UtranCell,20000230,20002896,pmNoInIratHoSuccPsStr128,,#,sum,1.0,1.0,1402.0,,RNCUtranCell,,,,,SUM,3G,,,
3G_UtranCell,3G_UtranCell_pmNoInIratHoSuccPsStrHs,ericsson,pmNoInIratHoSuccPsStrHs,UtranCell,20000230,20002897,pmNoInIratHoSuccPsStrHs,,#,sum,1.0,1.0,1402.0,,RNCUtranCell,,,,,SUM,3G,,,
3G_UtranCell,3G_UtranCell_pmNoInIratHoSuccSpeech,ericsson,pmNoInIratHoSuccSpeech,UtranCell,20000230,20002898,pmNoInIratHoSuccSpeech,,#,sum,1.0,1.0,1402.0,,RNCUtranCell,,,,,SUM,3G,,,
3G_UtranCell,3G_UtranCell_pmNoLoadSharingRrcConn,ericsson,pmNoLoadSharingRrcConn,UtranCell,20000230,20002899,pmNoLoadSharingRrcConn,,#,sum,1.0,1.0,1402.0,,RNCUtranCell,,,,,SUM,3G,,,
3G_UtranCell,3G_UtranCell_pmnoloadsharingrrcconncs,ericsson,pmnoloadsharingrrcconncs,UtranCell,20000230,20002900,pmnoloadsharingrrcconncs,,#,sum,1.0,1.0,1402.0,,RNCUtranCell,,,,,SUM,3G,,,
3G_UtranCell,3G_UtranCell_pmNoLoadSharingRrcConnCsfbInd,ericsson,pmNoLoadSharingRrcConnCsfbInd,UtranCell,20000230,20002901,pmNoLoadSharingRrcConnCsfbInd,,#,sum,1.0,1.0,1402.0,,RNCUtranCell,,,,,SUM,3G,,,
3G_UtranCell,3G_UtranCell_pmnoloadsharingrrcconnps,ericsson,pmnoloadsharingrrcconnps,UtranCell,20000230,20002902,pmnoloadsharingrrcconnps,,#,sum,1.0,1.0,1402.0,,RNCUtranCell,,,,,SUM,3G,,,
3G_UtranCell,3G_UtranCell_pmNoNonServingCellReqDeniedEul,ericsson,pmNoNonServingCellReqDeniedEul,UtranCell,20000230,20002903,pmNoNonServingCellReqDeniedEul,,#,sum,1.0,1.0,1402.0,,RNCUtranCell,,,,,SUM,3G,,,
3G_UtranCell,3G_UtranCell_pmNoNormalNasSignRelCsfbInd,ericsson,pmNoNormalNasSignRelCsfbInd,UtranCell,20000230,20002904,pmNoNormalNasSignRelCsfbInd,,#,sum,1.0,1.0,1402.0,,RNCUtranCell,,,,,SUM,3G,,,
3G_UtranCell,3G_UtranCell_pmnonormalnassignreleasecs,ericsson,pmnonormalnassignreleasecs,UtranCell,20000230,20002905,pmnonormalnassignreleasecs,,#,sum,1.0,1.0,1402.0,,RNCUtranCell,,,,,SUM,3G,,,
3G_UtranCell,3G_UtranCell_pmnonormalnassignreleaseps,ericsson,pmnonormalnassignreleaseps,UtranCell,20000230,20002908,pmnonormalnassignreleaseps,,#,sum,1.0,1.0,1402.0,,RNCUtranCell,,,,,SUM,3G,,,
3G_UtranCell,3G_UtranCell_pmNoNormalRabReleaseAmrNb,ericsson,pmNoNormalRabReleaseAmrNb,UtranCell,20000230,20002911,pmNoNormalRabReleaseAmrNb,,#,sum,1.0,1.0,1402.0,,RNCUtranCell,,,,,SUM,3G,,,
3G_UtranCell,3G_UtranCell_pmNoNormalRabReleaseAmrWb,ericsson,pmNoNormalRabReleaseAmrWb,UtranCell,20000230,20002912,pmNoNormalRabReleaseAmrWb,,#,sum,1.0,1.0,1402.0,,RNCUtranCell,,,,,SUM,3G,,,
3G_UtranCell,3G_UtranCell_pmNoNormalRabReleaseCs64,ericsson,pmNoNormalRabReleaseCs64,UtranCell,20000230,20002913,pmNoNormalRabReleaseCs64,,#,sum,1.0,1.0,1402.0,,RNCUtranCell,,,,,SUM,3G,,,
3G_UtranCell,3G_UtranCell_pmNoNormalRabReleaseCsStream,ericsson,pmNoNormalRabReleaseCsStream,UtranCell,20000230,20002914,pmNoNormalRabReleaseCsStream,,#,sum,1.0,1.0,1402.0,,RNCUtranCell,,,,,SUM,3G,,,
3G_UtranCell,3G_UtranCell_pmNoNormalRabReleasePacket,ericsson,pmNoNormalRabReleasePacket,UtranCell,20000230,20002915,pmNoNormalRabReleasePacket,,#,sum,1.0,1.0,1402.0,,RNCUtranCell,,,,,SUM,3G,,,
3G_UtranCell,3G_UtranCell_pmNoNormalRabReleasePacketUra,ericsson,pmNoNormalRabReleasePacketUra,UtranCell,20000230,20002918,pmNoNormalRabReleasePacketUra,,#,sum,1.0,1.0,1402.0,,RNCUtranCell,,,,,SUM,3G,,,
3G_UtranCell,3G_UtranCell_pmNoNormalRabReleasePsStreamHs,ericsson,pmNoNormalRabReleasePsStreamHs,UtranCell,20000230,20002919,pmNoNormalRabReleasePsStreamHs,,#,sum,1.0,1.0,1402.0,,RNCUtranCell,,,,,SUM,3G,,,
3G_UtranCell,3G_UtranCell_pmNoNormalRabReleaseSpeech,ericsson,pmNoNormalRabReleaseSpeech,UtranCell,20000230,20002920,pmNoNormalRabReleaseSpeech,,#,sum,1.0,1.0,1402.0,,RNCUtranCell,,,,,SUM,3G,,,
3G_UtranCell,3G_UtranCell_pmNoNormalRbReleaseEul,ericsson,pmNoNormalRbReleaseEul,UtranCell,20000230,20002921,pmNoNormalRbReleaseEul,,#,sum,1.0,1.0,1402.0,,RNCUtranCell,,,,,SUM,3G,,,
3G_UtranCell,3G_UtranCell_pmNoNormalRbReleaseHs,ericsson,pmNoNormalRbReleaseHs,UtranCell,20000230,20002922,pmNoNormalRbReleaseHs,,#,sum,1.0,1.0,1402.0,,RNCUtranCell,,,,,SUM,3G,,,
3G_UtranCell,3G_UtranCell_pmNoNormalReleaseSrbOnly136,ericsson,pmNoNormalReleaseSrbOnly136,UtranCell,20000230,20002923,pmNoNormalReleaseSrbOnly136,,#,sum,1.0,1.0,1402.0,,RNCUtranCell,,,,,SUM,3G,,,
3G_UtranCell,3G_UtranCell_pmNoNormalReleaseSrbOnly34,ericsson,pmNoNormalReleaseSrbOnly34,UtranCell,20000230,20002924,pmNoNormalReleaseSrbOnly34,,#,sum,1.0,1.0,1402.0,,RNCUtranCell,,,,,SUM,3G,,,
3G_UtranCell,3G_UtranCell_pmNoNormalReleaseSrbOnlyEul,ericsson,pmNoNormalReleaseSrbOnlyEul,UtranCell,20000230,20002925,pmNoNormalReleaseSrbOnlyEul,,#,sum,1.0,1.0,1402.0,,RNCUtranCell,,,,,SUM,3G,,,
3G_UtranCell,3G_UtranCell_pmNoNormalReleaseSrbOnlyHs,ericsson,pmNoNormalReleaseSrbOnlyHs,UtranCell,20000230,20002926,pmNoNormalReleaseSrbOnlyHs,,#,sum,1.0,1.0,1402.0,,RNCUtranCell,,,,,SUM,3G,,,
3G_UtranCell,3G_UtranCell_pmNoOfIurSwDownNgCong,ericsson,pmNoOfIurSwDownNgCong,UtranCell,20000230,20002927,pmNoOfIurSwDownNgCong,,#,sum,1.0,1.0,1402.0,,RNCUtranCell,,,,,SUM,3G,,,
3G_UtranCell,3G_UtranCell_pmNoOfIurTermCsCong,ericsson,pmNoOfIurTermCsCong,UtranCell,20000230,20002928,pmNoOfIurTermCsCong,,#,sum,1.0,1.0,1402.0,,RNCUtranCell,,,,,SUM,3G,,,
3G_UtranCell,3G_UtranCell_pmNoOfIurTermHsCong,ericsson,pmNoOfIurTermHsCong,UtranCell,20000230,20002929,pmNoOfIurTermHsCong,,#,sum,1.0,1.0,1402.0,,RNCUtranCell,,,,,SUM,3G,,,
3G_UtranCell,3G_UtranCell_pmNoOfIurTermSpeechCong,ericsson,pmNoOfIurTermSpeechCong,UtranCell,20000230,20002930,pmNoOfIurTermSpeechCong,,#,sum,1.0,1.0,1402.0,,RNCUtranCell,,,,,SUM,3G,,,
3G_UtranCell,3G_UtranCell_pmNoOfNonHoReqDeniedCs,ericsson,pmNoOfNonHoReqDeniedCs,UtranCell,20000230,20002931,pmNoOfNonHoReqDeniedCs,,#,sum,1.0,1.0,1402.0,,RNCUtranCell,,,,,SUM,3G,,,
3G_UtranCell,3G_UtranCell_pmNoOfNonHoReqDeniedEul,ericsson,pmNoOfNonHoReqDeniedEul,UtranCell,20000230,20002932,pmNoOfNonHoReqDeniedEul,,#,sum,1.0,1.0,1402.0,,RNCUtranCell,,,,,SUM,3G,,,
3G_UtranCell,3G_UtranCell_pmNoOfNonHoReqDeniedHs,ericsson,pmNoOfNonHoReqDeniedHs,UtranCell,20000230,20002933,pmNoOfNonHoReqDeniedHs,,#,sum,1.0,1.0,1402.0,,RNCUtranCell,,,,,SUM,3G,,,
3G_UtranCell,3G_UtranCell_pmNoOfNonHoReqDeniedPsStr128,ericsson,pmNoOfNonHoReqDeniedPsStr128,UtranCell,20000230,20002935,pmNoOfNonHoReqDeniedPsStr128,,#,sum,1.0,1.0,1402.0,,RNCUtranCell,,,,,SUM,3G,,,
3G_UtranCell,3G_UtranCell_pmNoOfNonHoReqDeniedSpeech,ericsson,pmNoOfNonHoReqDeniedSpeech,UtranCell,20000230,20002937,pmNoOfNonHoReqDeniedSpeech,,#,sum,1.0,1.0,1402.0,,RNCUtranCell,,,,,SUM,3G,,,
3G_UtranCell,3G_UtranCell_pmNoOfReturningEmergencyCalls,ericsson,pmNoOfReturningEmergencyCalls,UtranCell,20000230,20002938,pmNoOfReturningEmergencyCalls,,#,sum,1.0,1.0,1402.0,,RNCUtranCell,,,,,SUM,3G,,,
3G_UtranCell,3G_UtranCell_pmNoOfReturningRrcConn,ericsson,pmNoOfReturningRrcConn,UtranCell,20000230,20002939,pmNoOfReturningRrcConn,,#,sum,1.0,1.0,1402.0,,RNCUtranCell,,,,,SUM,3G,,,
3G_UtranCell,3G_UtranCell_pmNormalRelMultiPsInt,ericsson,pmNormalRelMultiPsInt,UtranCell,20000230,20003068,pmNormalRelMultiPsInt,,#,sum,1.0,1.0,1402.0,,RNCUtranCell,,,,,SUM,3G,,,
3G_UtranCell,3G_UtranCell_pmNoOfRlForDriftingUes,ericsson,pmNoOfRlForDriftingUes,UtranCell,20000230,20002940,pmNoOfRlForDriftingUes,,#,avg,1.0,1.0,1402.0,,RNCUtranCell,,,,,AVG,3G,,,
3G_UtranCell,3G_UtranCell_pmNoOfRlForNonDriftingUes,ericsson,pmNoOfRlForNonDriftingUes,UtranCell,20000230,20002941,pmNoOfRlForNonDriftingUes,,#,avg,1.0,1.0,1402.0,,RNCUtranCell,,,,,AVG,3G,,,
3G_UtranCell,3G_UtranCell_pmNoOfSampAseDl,ericsson,pmNoOfSampAseDl,UtranCell,20000230,20002942,pmNoOfSampAseDl,,#,sum,1.0,1.0,1402.0,,RNCUtranCell,,,,,SUM,3G,,,
3G_UtranCell,3G_UtranCell_pmNoOfSwDownEulCong,ericsson,pmNoOfSwDownEulCong,UtranCell,20000230,20002944,pmNoOfSwDownEulCong,,#,sum,1.0,1.0,1402.0,,RNCUtranCell,,,,,SUM,3G,,,
3G_UtranCell,3G_UtranCell_pmNoOfSwDownHsCong,ericsson,pmNoOfSwDownHsCong,UtranCell,20000230,20002945,pmNoOfSwDownHsCong,,#,sum,1.0,1.0,1402.0,,RNCUtranCell,,,,,SUM,3G,,,
3G_UtranCell,3G_UtranCell_pmNoOfSwDownNgAdm,ericsson,pmNoOfSwDownNgAdm,UtranCell,20000230,20002946,pmNoOfSwDownNgAdm,,#,sum,1.0,1.0,1402.0,,RNCUtranCell,,,,,SUM,3G,,,
3G_UtranCell,3G_UtranCell_pmNoOfSwDownNgCong,ericsson,pmNoOfSwDownNgCong,UtranCell,20000230,20002947,pmNoOfSwDownNgCong,,#,sum,1.0,1.0,1402.0,,RNCUtranCell,,,,,SUM,3G,,,
3G_UtranCell,3G_UtranCell_pmNoOfTermCsCong,ericsson,pmNoOfTermCsCong,UtranCell,20000230,20002949,pmNoOfTermCsCong,,#,sum,1.0,1.0,1402.0,,RNCUtranCell,,,,,SUM,3G,,,
3G_UtranCell,3G_UtranCell_pmNoOfTermSpeechCong,ericsson,pmNoOfTermSpeechCong,UtranCell,20000230,20002950,pmNoOfTermSpeechCong,,#,sum,1.0,1.0,1402.0,,RNCUtranCell,,,,,SUM,3G,,,
3G_UtranCell,3G_UtranCell_pmNoOutGanIratCcAtt,ericsson,pmNoOutGanIratCcAtt,UtranCell,20000230,20002951,pmNoOutGanIratCcAtt,,#,sum,1.0,1.0,1402.0,,RNCUtranCell,,,,,SUM,3G,,,
3G_UtranCell,3G_UtranCell_pmNoOutGanIratCcAttEul,ericsson,pmNoOutGanIratCcAttEul,UtranCell,20000230,20002952,pmNoOutGanIratCcAttEul,,#,sum,1.0,1.0,1402.0,,RNCUtranCell,,,,,SUM,3G,,,
3G_UtranCell,3G_UtranCell_pmNoOutGanIratCcAttHs,ericsson,pmNoOutGanIratCcAttHs,UtranCell,20000230,20002953,pmNoOutGanIratCcAttHs,,#,sum,1.0,1.0,1402.0,,RNCUtranCell,,,,,SUM,3G,,,
3G_UtranCell,3G_UtranCell_pmNoOutGanIratCcSucc,ericsson,pmNoOutGanIratCcSucc,UtranCell,20000230,20002954,pmNoOutGanIratCcSucc,,#,sum,1.0,1.0,1402.0,,RNCUtranCell,,,,,SUM,3G,,,
3G_UtranCell,3G_UtranCell_pmNoOutGanIratCcSuccEul,ericsson,pmNoOutGanIratCcSuccEul,UtranCell,20000230,20002955,pmNoOutGanIratCcSuccEul,,#,sum,1.0,1.0,1402.0,,RNCUtranCell,,,,,SUM,3G,,,
3G_UtranCell,3G_UtranCell_pmNoOutGanIratCcSuccHs,ericsson,pmNoOutGanIratCcSuccHs,UtranCell,20000230,20002956,pmNoOutGanIratCcSuccHs,,#,sum,1.0,1.0,1402.0,,RNCUtranCell,,,,,SUM,3G,,,
3G_UtranCell,3G_UtranCell_pmNoOutGanIratHoAttMulti,ericsson,pmNoOutGanIratHoAttMulti,UtranCell,20000230,20002957,pmNoOutGanIratHoAttMulti,,#,sum,1.0,1.0,1402.0,,RNCUtranCell,,,,,SUM,3G,,,
3G_UtranCell,3G_UtranCell_pmNoOutGanIratHoAttSpeech,ericsson,pmNoOutGanIratHoAttSpeech,UtranCell,20000230,20002958,pmNoOutGanIratHoAttSpeech,,#,sum,1.0,1.0,1402.0,,RNCUtranCell,,,,,SUM,3G,,,
3G_UtranCell,3G_UtranCell_pmNoOutGanIratHoReqMulti,ericsson,pmNoOutGanIratHoReqMulti,UtranCell,20000230,20002959,pmNoOutGanIratHoReqMulti,,#,sum,1.0,1.0,1402.0,,RNCUtranCell,,,,,SUM,3G,,,
3G_UtranCell,3G_UtranCell_pmNoOutGanIratHoReqSpeech,ericsson,pmNoOutGanIratHoReqSpeech,UtranCell,20000230,20002960,pmNoOutGanIratHoReqSpeech,,#,sum,1.0,1.0,1402.0,,RNCUtranCell,,,,,SUM,3G,,,
3G_UtranCell,3G_UtranCell_pmNoOutGanIratHoSuccMulti,ericsson,pmNoOutGanIratHoSuccMulti,UtranCell,20000230,20002961,pmNoOutGanIratHoSuccMulti,,#,sum,1.0,1.0,1402.0,,RNCUtranCell,,,,,SUM,3G,,,
3G_UtranCell,3G_UtranCell_pmNoOutGanIratHoSuccSpeech,ericsson,pmNoOutGanIratHoSuccSpeech,UtranCell,20000230,20002962,pmNoOutGanIratHoSuccSpeech,,#,sum,1.0,1.0,1402.0,,RNCUtranCell,,,,,SUM,3G,,,
3G_UtranCell,3G_UtranCell_pmNoOutgoingEulHardHoAttempt,ericsson,pmNoOutgoingEulHardHoAttempt,UtranCell,20000230,20002963,pmNoOutgoingEulHardHoAttempt,,#,sum,1.0,1.0,1402.0,,RNCUtranCell,,,,,SUM,3G,,,
3G_UtranCell,3G_UtranCell_pmNoOutgoingEulHardHoSuccess,ericsson,pmNoOutgoingEulHardHoSuccess,UtranCell,20000230,20002964,pmNoOutgoingEulHardHoSuccess,,#,sum,1.0,1.0,1402.0,,RNCUtranCell,,,,,SUM,3G,,,
3G_UtranCell,3G_UtranCell_pmNoOutgoingHsHardHoAttempt,ericsson,pmNoOutgoingHsHardHoAttempt,UtranCell,20000230,20002965,pmNoOutgoingHsHardHoAttempt,,#,sum,1.0,1.0,1402.0,,RNCUtranCell,,,,,SUM,3G,,,
3G_UtranCell,3G_UtranCell_pmNoOutgoingHsHardHoSuccess,ericsson,pmNoOutgoingHsHardHoSuccess,UtranCell,20000230,20002966,pmNoOutgoingHsHardHoSuccess,,#,sum,1.0,1.0,1402.0,,RNCUtranCell,,,,,SUM,3G,,,
3G_UtranCell,3G_UtranCell_pmNoPacketDchDiscAbnorm,ericsson,pmNoPacketDchDiscAbnorm,UtranCell,20000230,20002969,pmNoPacketDchDiscAbnorm,,#,sum,1.0,1.0,1402.0,,RNCUtranCell,,,,,SUM,3G,,,
3G_UtranCell,3G_UtranCell_pmNoPacketDchDiscNormal,ericsson,pmNoPacketDchDiscNormal,UtranCell,20000230,20002970,pmNoPacketDchDiscNormal,,#,sum,1.0,1.0,1402.0,,RNCUtranCell,,,,,SUM,3G,,,
3G_UtranCell,3G_UtranCell_pmNoPagingAttemptCnInitDcch,ericsson,pmNoPagingAttemptCnInitDcch,UtranCell,20000230,20002971,pmNoPagingAttemptCnInitDcch,,#,sum,1.0,1.0,1402.0,,RNCUtranCell,,,,,SUM,3G,,,
3G_UtranCell,3G_UtranCell_pmNoPagingType1Attempt,ericsson,pmNoPagingType1Attempt,UtranCell,20000230,20002973,pmNoPagingType1Attempt,,#,sum,1.0,1.0,1402.0,,RNCUtranCell,,,,,SUM,3G,,,
3G_UtranCell,3G_UtranCell_pmNoPagingType1AttemptCs,ericsson,pmNoPagingType1AttemptCs,UtranCell,20000230,20002974,pmNoPagingType1AttemptCs,,#,sum,1.0,1.0,1402.0,,RNCUtranCell,,,,,SUM,3G,,,
3G_UtranCell,3G_UtranCell_pmNoPagingType1AttemptPs,ericsson,pmNoPagingType1AttemptPs,UtranCell,20000230,20002975,pmNoPagingType1AttemptPs,,#,sum,1.0,1.0,1402.0,,RNCUtranCell,,,,,SUM,3G,,,
3G_UtranCell,3G_UtranCell_pmNoPagingType1ReplaceCs,ericsson,pmNoPagingType1ReplaceCs,UtranCell,20000230,20002976,pmNoPagingType1ReplaceCs,,#,sum,1.0,1.0,1402.0,,RNCUtranCell,,,,,SUM,3G,,,
3G_UtranCell,3G_UtranCell_pmNoPagingType1ReplacePs,ericsson,pmNoPagingType1ReplacePs,UtranCell,20000230,20002978,pmNoPagingType1ReplacePs,,#,sum,1.0,1.0,1402.0,,RNCUtranCell,,,,,SUM,3G,,,
3G_UtranCell,3G_UtranCell_pmNoPsStreamHsCcAttempt,ericsson,pmNoPsStreamHsCcAttempt,UtranCell,20000230,20002983,pmNoPsStreamHsCcAttempt,,#,sum,1.0,1.0,1402.0,,RNCUtranCell,,,,,SUM,3G,,,
3G_UtranCell,3G_UtranCell_pmNoPsStreamHsCcSuccess,ericsson,pmNoPsStreamHsCcSuccess,UtranCell,20000230,20002984,pmNoPsStreamHsCcSuccess,,#,sum,1.0,1.0,1402.0,,RNCUtranCell,,,,,SUM,3G,,,
3G_UtranCell,3G_UtranCell_pmNoRabDownswSoftCongPsIntEul,ericsson,pmNoRabDownswSoftCongPsIntEul,UtranCell,20000230,20002987,pmNoRabDownswSoftCongPsIntEul,,#,sum,1.0,1.0,1402.0,,RNCUtranCell,,,,,SUM,3G,,,
3G_UtranCell,3G_UtranCell_pmNoRabEstablishAttemptAmrNb,ericsson,pmNoRabEstablishAttemptAmrNb,UtranCell,20000230,20002988,pmNoRabEstablishAttemptAmrNb,,#,sum,1.0,1.0,1402.0,,RNCUtranCell,,,,,SUM,3G,,,
3G_UtranCell,3G_UtranCell_pmNoRabEstablishAttemptAmrWb,ericsson,pmNoRabEstablishAttemptAmrWb,UtranCell,20000230,20002989,pmNoRabEstablishAttemptAmrWb,,#,sum,1.0,1.0,1402.0,,RNCUtranCell,,,,,SUM,3G,,,
3G_UtranCell,3G_UtranCell_pmNoRabEstablishAttemptCs57,ericsson,pmNoRabEstablishAttemptCs57,UtranCell,20000230,20002990,pmNoRabEstablishAttemptCs57,,#,sum,1.0,1.0,1402.0,,RNCUtranCell,,,,,SUM,3G,,,
3G_UtranCell,3G_UtranCell_pmNoRabEstablishSuccessAmrNb,ericsson,pmNoRabEstablishSuccessAmrNb,UtranCell,20000230,20002998,pmNoRabEstablishSuccessAmrNb,,#,sum,1.0,1.0,1402.0,,RNCUtranCell,,,,,SUM,3G,,,
3G_UtranCell,3G_UtranCell_pmNoRabEstablishSuccessAmrWb,ericsson,pmNoRabEstablishSuccessAmrWb,UtranCell,20000230,20002999,pmNoRabEstablishSuccessAmrWb,,#,sum,1.0,1.0,1402.0,,RNCUtranCell,,,,,SUM,3G,,,
3G_UtranCell,3G_UtranCell_pmNoRabEstablishSuccessCs57,ericsson,pmNoRabEstablishSuccessCs57,UtranCell,20000230,20003000,pmNoRabEstablishSuccessCs57,,#,sum,1.0,1.0,1402.0,,RNCUtranCell,,,,,SUM,3G,,,
3G_UtranCell,3G_UtranCell_pmNoRabEstablishSuccessCs64,ericsson,pmNoRabEstablishSuccessCs64,UtranCell,20000230,20003001,pmNoRabEstablishSuccessCs64,,#,sum,1.0,1.0,1402.0,,RNCUtranCell,,,,,SUM,3G,,,
3G_UtranCell,3G_UtranCell_pmNoRabEstablishSuccessSpeech,ericsson,pmNoRabEstablishSuccessSpeech,UtranCell,20000230,20003007,pmNoRabEstablishSuccessSpeech,,#,sum,1.0,1.0,1402.0,,RNCUtranCell,,,,,SUM,3G,,,
3G_UtranCell,3G_UtranCell_pmNoRabEstAttCsfbDetect,ericsson,pmNoRabEstAttCsfbDetect,UtranCell,20000230,20003008,pmNoRabEstAttCsfbDetect,,#,sum,1.0,1.0,1402.0,,RNCUtranCell,,,,,SUM,3G,,,
2G_CELLCCHDR,2G_CELLCCHDR_CDISQA,ericsson,CDISQA,CELLCCHDR,20000296,20004147,CDISQA,,,,,,,,,,,,,,2G,,,
3G_UtranCell,3G_UtranCell_pmNoRabEstAttCsfbInd,ericsson,pmNoRabEstAttCsfbInd,UtranCell,20000230,20003009,pmNoRabEstAttCsfbInd,,#,sum,1.0,1.0,1402.0,,RNCUtranCell,,,,,SUM,3G,,,
3G_UtranCell,3G_UtranCell_pmNoRabEstAttemptMultiAmrNb,ericsson,pmNoRabEstAttemptMultiAmrNb,UtranCell,20000230,20003010,pmNoRabEstAttemptMultiAmrNb,,#,sum,1.0,1.0,1402.0,,RNCUtranCell,,,,,SUM,3G,,,
3G_UtranCell,3G_UtranCell_pmNoRabEstAttemptMultiAmrWb,ericsson,pmNoRabEstAttemptMultiAmrWb,UtranCell,20000230,20003011,pmNoRabEstAttemptMultiAmrWb,,#,sum,1.0,1.0,1402.0,,RNCUtranCell,,,,,SUM,3G,,,
3G_UtranCell,3G_UtranCell_pmNoRabEstAttemptMultiPsInt,ericsson,pmNoRabEstAttemptMultiPsInt,UtranCell,20000230,20003012,pmNoRabEstAttemptMultiPsInt,,#,sum,1.0,1.0,1402.0,,RNCUtranCell,,,,,SUM,3G,,,
3G_UtranCell,3G_UtranCell_pmNoRabEstAttemptMultiSpeech,ericsson,pmNoRabEstAttemptMultiSpeech,UtranCell,20000230,20003013,pmNoRabEstAttemptMultiSpeech,,#,sum,1.0,1.0,1402.0,,RNCUtranCell,,,,,SUM,3G,,,
3G_UtranCell,3G_UtranCell_pmNoRabEstAttemptPsIntNonHs,ericsson,pmNoRabEstAttemptPsIntNonHs,UtranCell,20000230,20003016,pmNoRabEstAttemptPsIntNonHs,,#,sum,1.0,1.0,1402.0,,RNCUtranCell,,,,,SUM,3G,,,
3G_UtranCell,3G_UtranCell_pmNoRabEstAttemptPsStreamHs,ericsson,pmNoRabEstAttemptPsStreamHs,UtranCell,20000230,20003017,pmNoRabEstAttemptPsStreamHs,,#,sum,1.0,1.0,1402.0,,RNCUtranCell,,,,,SUM,3G,,,
3G_UtranCell,3G_UtranCell_pmNoRabEstAttPsHoCsfb,ericsson,pmNoRabEstAttPsHoCsfb,UtranCell,20000230,20003018,pmNoRabEstAttPsHoCsfb,,#,sum,1.0,1.0,1402.0,,RNCUtranCell,,,,,SUM,3G,,,
3G_UtranCell,3G_UtranCell_pmNoRabEstAttPsHoCsfbHp,ericsson,pmNoRabEstAttPsHoCsfbHp,UtranCell,20000230,20003019,pmNoRabEstAttPsHoCsfbHp,,#,sum,1.0,1.0,1402.0,,RNCUtranCell,,,,,SUM,3G,,,
3G_UtranCell,3G_UtranCell_pmNoRabEstBlockNodeCs57Best,ericsson,pmNoRabEstBlockNodeCs57Best,UtranCell,20000230,20003022,pmNoRabEstBlockNodeCs57Best,,#,sum,1.0,1.0,1402.0,,RNCUtranCell,,,,,SUM,3G,,,
3G_UtranCell,3G_UtranCell_pmNoRabEstBlockNodeCs64Best,ericsson,pmNoRabEstBlockNodeCs64Best,UtranCell,20000230,20003023,pmNoRabEstBlockNodeCs64Best,,#,sum,1.0,1.0,1402.0,,RNCUtranCell,,,,,SUM,3G,,,
3G_UtranCell,3G_UtranCell_pmNoRabEstBlockNodePsIntHsBest,ericsson,pmNoRabEstBlockNodePsIntHsBest,UtranCell,20000230,20003024,pmNoRabEstBlockNodePsIntHsBest,,#,sum,1.0,1.0,1402.0,,RNCUtranCell,,,,,SUM,3G,,,
3G_UtranCell,3G_UtranCell_pmNoRabEstBlockNodePsStrHsBest,ericsson,pmNoRabEstBlockNodePsStrHsBest,UtranCell,20000230,20003025,pmNoRabEstBlockNodePsStrHsBest,,#,sum,1.0,1.0,1402.0,,RNCUtranCell,,,,,SUM,3G,,,
3G_UtranCell,3G_UtranCell_pmNoRabEstBlockNodeSpeechBest,ericsson,pmNoRabEstBlockNodeSpeechBest,UtranCell,20000230,20003026,pmNoRabEstBlockNodeSpeechBest,,#,sum,1.0,1.0,1402.0,,RNCUtranCell,,,,,SUM,3G,,,
3G_UtranCell,3G_UtranCell_pmNoRabEstBlockRnPsStreamHs,ericsson,pmNoRabEstBlockRnPsStreamHs,UtranCell,20000230,20003028,pmNoRabEstBlockRnPsStreamHs,,#,sum,1.0,1.0,1402.0,,RNCUtranCell,,,,,SUM,3G,,,
3G_UtranCell,3G_UtranCell_pmNoRabEstBlockTnCs57,ericsson,pmNoRabEstBlockTnCs57,UtranCell,20000230,20003029,pmNoRabEstBlockTnCs57,,#,sum,1.0,1.0,1402.0,,RNCUtranCell,,,,,SUM,3G,,,
3G_UtranCell,3G_UtranCell_pmNoRabEstBlockTnCs57Best,ericsson,pmNoRabEstBlockTnCs57Best,UtranCell,20000230,20003030,pmNoRabEstBlockTnCs57Best,,#,sum,1.0,1.0,1402.0,,RNCUtranCell,,,,,SUM,3G,,,
3G_UtranCell,3G_UtranCell_pmNoRabEstBlockTnCs64,ericsson,pmNoRabEstBlockTnCs64,UtranCell,20000230,20003031,pmNoRabEstBlockTnCs64,,#,sum,1.0,1.0,1402.0,,RNCUtranCell,,,,,SUM,3G,,,
3G_UtranCell,3G_UtranCell_pmNoRabEstBlockTnCs64Best,ericsson,pmNoRabEstBlockTnCs64Best,UtranCell,20000230,20003032,pmNoRabEstBlockTnCs64Best,,#,sum,1.0,1.0,1402.0,,RNCUtranCell,,,,,SUM,3G,,,
3G_UtranCell,3G_UtranCell_pmNoRabEstBlockTnPsIntHs,ericsson,pmNoRabEstBlockTnPsIntHs,UtranCell,20000230,20003033,pmNoRabEstBlockTnPsIntHs,,#,sum,1.0,1.0,1402.0,,RNCUtranCell,,,,,SUM,3G,,,
3G_UtranCell,3G_UtranCell_pmNoRabEstBlockTnPsIntHsBest,ericsson,pmNoRabEstBlockTnPsIntHsBest,UtranCell,20000230,20003034,pmNoRabEstBlockTnPsIntHsBest,,#,sum,1.0,1.0,1402.0,,RNCUtranCell,,,,,SUM,3G,,,
3G_UtranCell,3G_UtranCell_pmNoRabEstBlockTnPsIntNonHs,ericsson,pmNoRabEstBlockTnPsIntNonHs,UtranCell,20000230,20003035,pmNoRabEstBlockTnPsIntNonHs,,#,sum,1.0,1.0,1402.0,,RNCUtranCell,,,,,SUM,3G,,,
3G_UtranCell,3G_UtranCell_pmNoRabEstBlockTnPsStrHs,ericsson,pmNoRabEstBlockTnPsStrHs,UtranCell,20000230,20003038,pmNoRabEstBlockTnPsStrHs,,#,sum,1.0,1.0,1402.0,,RNCUtranCell,,,,,SUM,3G,,,
3G_UtranCell,3G_UtranCell_pmNoRabEstBlockTnPsStrNonHs,ericsson,pmNoRabEstBlockTnPsStrNonHs,UtranCell,20000230,20003039,pmNoRabEstBlockTnPsStrNonHs,,#,sum,1.0,1.0,1402.0,,RNCUtranCell,,,,,SUM,3G,,,
3G_UtranCell,3G_UtranCell_pmNoRabEstBlockTnSpeech,ericsson,pmNoRabEstBlockTnSpeech,UtranCell,20000230,20003041,pmNoRabEstBlockTnSpeech,,#,sum,1.0,1.0,1402.0,,RNCUtranCell,,,,,SUM,3G,,,
3G_UtranCell,3G_UtranCell_pmNoRabEstBlockTnSpeechBest,ericsson,pmNoRabEstBlockTnSpeechBest,UtranCell,20000230,20003042,pmNoRabEstBlockTnSpeechBest,,#,sum,1.0,1.0,1402.0,,RNCUtranCell,,,,,SUM,3G,,,
3G_UtranCell,3G_UtranCell_pmNoRabEstSuccCsfbDetect,ericsson,pmNoRabEstSuccCsfbDetect,UtranCell,20000230,20003043,pmNoRabEstSuccCsfbDetect,,#,sum,1.0,1.0,1402.0,,RNCUtranCell,,,,,SUM,3G,,,
3G_UtranCell,3G_UtranCell_pmNoRabEstSuccCsfbInd,ericsson,pmNoRabEstSuccCsfbInd,UtranCell,20000230,20003044,pmNoRabEstSuccCsfbInd,,#,sum,1.0,1.0,1402.0,,RNCUtranCell,,,,,SUM,3G,,,
3G_UtranCell,3G_UtranCell_pmNoRabEstSuccessMultiAmrNb,ericsson,pmNoRabEstSuccessMultiAmrNb,UtranCell,20000230,20003045,pmNoRabEstSuccessMultiAmrNb,,#,sum,1.0,1.0,1402.0,,RNCUtranCell,,,,,SUM,3G,,,
3G_UtranCell,3G_UtranCell_pmNoRabEstSuccessMultiAmrWb,ericsson,pmNoRabEstSuccessMultiAmrWb,UtranCell,20000230,20003046,pmNoRabEstSuccessMultiAmrWb,,#,sum,1.0,1.0,1402.0,,RNCUtranCell,,,,,SUM,3G,,,
3G_UtranCell,3G_UtranCell_pmNoRabEstSuccessMultiPsInt,ericsson,pmNoRabEstSuccessMultiPsInt,UtranCell,20000230,20003047,pmNoRabEstSuccessMultiPsInt,,#,sum,1.0,1.0,1402.0,,RNCUtranCell,,,,,SUM,3G,,,
3G_UtranCell,3G_UtranCell_pmNoRabEstSuccessMultiSpeech,ericsson,pmNoRabEstSuccessMultiSpeech,UtranCell,20000230,20003048,pmNoRabEstSuccessMultiSpeech,,#,sum,1.0,1.0,1402.0,,RNCUtranCell,,,,,SUM,3G,,,
3G_UtranCell,3G_UtranCell_pmNoRabEstSuccessPsIntNonHs,ericsson,pmNoRabEstSuccessPsIntNonHs,UtranCell,20000230,20003051,pmNoRabEstSuccessPsIntNonHs,,#,sum,1.0,1.0,1402.0,,RNCUtranCell,,,,,SUM,3G,,,
3G_UtranCell,3G_UtranCell_pmNoRabEstSuccessPsStreamHs,ericsson,pmNoRabEstSuccessPsStreamHs,UtranCell,20000230,20003052,pmNoRabEstSuccessPsStreamHs,,#,sum,1.0,1.0,1402.0,,RNCUtranCell,,,,,SUM,3G,,,
3G_UtranCell,3G_UtranCell_pmNoRabEstSuccPsHoCsfb,ericsson,pmNoRabEstSuccPsHoCsfb,UtranCell,20000230,20003053,pmNoRabEstSuccPsHoCsfb,,#,sum,1.0,1.0,1402.0,,RNCUtranCell,,,,,SUM,3G,,,
3G_UtranCell,3G_UtranCell_pmNoRabEstSuccPsHoCsfbHp,ericsson,pmNoRabEstSuccPsHoCsfbHp,UtranCell,20000230,20003054,pmNoRabEstSuccPsHoCsfbHp,,#,sum,1.0,1.0,1402.0,,RNCUtranCell,,,,,SUM,3G,,,
3G_UtranCell,3G_UtranCell_pmNoReceivedSduDtchHsPsStream,ericsson,pmNoReceivedSduDtchHsPsStream,UtranCell,20000230,20003056,pmNoReceivedSduDtchHsPsStream,,#,sum,1.0,1.0,1402.0,,RNCUtranCell,,,,,SUM,3G,,,
3G_UtranCell,3G_UtranCell_pmNoRejRrcConnMpLoadC,ericsson,pmNoRejRrcConnMpLoadC,UtranCell,20000230,20003058,pmNoRejRrcConnMpLoadC,,#,sum,1.0,1.0,1402.0,,RNCUtranCell,,,,,SUM,3G,,,
3G_UtranCell,3G_UtranCell_pmNoRejRrcConnRrcLc,ericsson,pmNoRejRrcConnRrcLc,UtranCell,20000230,20003059,pmNoRejRrcConnRrcLc,,#,sum,1.0,1.0,1402.0,,RNCUtranCell,,,,,SUM,3G,,,
3G_UtranCell,3G_UtranCell_pmNoRejRrcConnSpFlowCtrl,ericsson,pmNoRejRrcConnSpFlowCtrl,UtranCell,20000230,20003060,pmNoRejRrcConnSpFlowCtrl,,#,sum,1.0,1.0,1402.0,,RNCUtranCell,,,,,SUM,3G,,,
3G_UtranCell,3G_UtranCell_pmNoReqDeniedAdm,ericsson,pmNoReqDeniedAdm,UtranCell,20000230,20003061,pmNoReqDeniedAdm,,#,sum,1.0,1.0,1402.0,,RNCUtranCell,,,,,SUM,3G,,,
3G_UtranCell,3G_UtranCell_pmNoReqDeniedAdmEulMc,ericsson,pmNoReqDeniedAdmEulMc,UtranCell,20000230,20003062,pmNoReqDeniedAdmEulMc,,#,sum,1.0,1.0,1402.0,,RNCUtranCell,,,,,SUM,3G,,,
3G_UtranCell,3G_UtranCell_pmNoRlDeniedAdm,ericsson,pmNoRlDeniedAdm,UtranCell,20000230,20003063,pmNoRlDeniedAdm,,#,sum,1.0,1.0,1402.0,,RNCUtranCell,,,,,SUM,3G,,,
3G_UtranCell,3G_UtranCell_pmNormalReleaseHsConn,ericsson,pmNormalReleaseHsConn,UtranCell,20000230,20003064,pmNormalReleaseHsConn,,#,sum,1.0,1.0,1402.0,,RNCUtranCell,,,,,SUM,3G,,,
3G_UtranCell,3G_UtranCell_pmNormalRelMultiAmrNb,ericsson,pmNormalRelMultiAmrNb,UtranCell,20000230,20003065,pmNormalRelMultiAmrNb,,#,sum,1.0,1.0,1402.0,,RNCUtranCell,,,,,SUM,3G,,,
3G_UtranCell,3G_UtranCell_pmNormalRelMultiAmrWb,ericsson,pmNormalRelMultiAmrWb,UtranCell,20000230,20003066,pmNormalRelMultiAmrWb,,#,sum,1.0,1.0,1402.0,,RNCUtranCell,,,,,SUM,3G,,,
3G_UtranCell,3G_UtranCell_pmNormalRelMultiHsConnToSpeech,ericsson,pmNormalRelMultiHsConnToSpeech,UtranCell,20000230,20003067,pmNormalRelMultiHsConnToSpeech,,#,sum,1.0,1.0,1402.0,,RNCUtranCell,,,,,SUM,3G,,,
3G_UtranCell,3G_UtranCell_pmNormalRelMultiPsIntToAmrNb,ericsson,pmNormalRelMultiPsIntToAmrNb,UtranCell,20000230,20003069,pmNormalRelMultiPsIntToAmrNb,,#,sum,1.0,1.0,1402.0,,RNCUtranCell,,,,,SUM,3G,,,
3G_UtranCell,3G_UtranCell_pmNormalRelMultiPsIntToAmrWb,ericsson,pmNormalRelMultiPsIntToAmrWb,UtranCell,20000230,20003070,pmNormalRelMultiPsIntToAmrWb,,#,sum,1.0,1.0,1402.0,,RNCUtranCell,,,,,SUM,3G,,,
3G_UtranCell,3G_UtranCell_pmNormalRelMultiPsIntToSpeech,ericsson,pmNormalRelMultiPsIntToSpeech,UtranCell,20000230,20003071,pmNormalRelMultiPsIntToSpeech,,#,sum,1.0,1.0,1402.0,,RNCUtranCell,,,,,SUM,3G,,,
3G_UtranCell,3G_UtranCell_pmNormalRelMultiSpeech,ericsson,pmNormalRelMultiSpeech,UtranCell,20000230,20003072,pmNormalRelMultiSpeech,,#,sum,1.0,1.0,1402.0,,RNCUtranCell,,,,,SUM,3G,,,
3G_UtranCell,3G_UtranCell_pmNormalRelMultiSpeechToPsInt,ericsson,pmNormalRelMultiSpeechToPsInt,UtranCell,20000230,20003073,pmNormalRelMultiSpeechToPsInt,,#,sum,1.0,1.0,1402.0,,RNCUtranCell,,,,,SUM,3G,,,
3G_UtranCell,3G_UtranCell_pmNoRrcConnReqBlockNodeCs,ericsson,pmNoRrcConnReqBlockNodeCs,UtranCell,20000230,20003074,pmNoRrcConnReqBlockNodeCs,,#,sum,1.0,1.0,1402.0,,RNCUtranCell,,,,,SUM,3G,,,
3G_UtranCell,3G_UtranCell_pmNoRrcConnReqBlockNodePs,ericsson,pmNoRrcConnReqBlockNodePs,UtranCell,20000230,20003075,pmNoRrcConnReqBlockNodePs,,#,sum,1.0,1.0,1402.0,,RNCUtranCell,,,,,SUM,3G,,,
3G_UtranCell,3G_UtranCell_pmNoRrcConnReqBlockTnCs,ericsson,pmNoRrcConnReqBlockTnCs,UtranCell,20000230,20003076,pmNoRrcConnReqBlockTnCs,,#,sum,1.0,1.0,1402.0,,RNCUtranCell,,,,,SUM,3G,,,
3G_UtranCell,3G_UtranCell_pmNoRrcConnReqBlockTnPs,ericsson,pmNoRrcConnReqBlockTnPs,UtranCell,20000230,20003077,pmNoRrcConnReqBlockTnPs,,#,sum,1.0,1.0,1402.0,,RNCUtranCell,,,,,SUM,3G,,,
3G_UtranCell,3G_UtranCell_pmNoRrcCsReqDeniedAdm,ericsson,pmNoRrcCsReqDeniedAdm,UtranCell,20000230,20003078,pmNoRrcCsReqDeniedAdm,,#,sum,1.0,1.0,1402.0,,RNCUtranCell,,,,,SUM,3G,,,
3G_UtranCell,3G_UtranCell_pmNoRrcPsReqDeniedAdm,ericsson,pmNoRrcPsReqDeniedAdm,UtranCell,20000230,20003079,pmNoRrcPsReqDeniedAdm,,#,sum,1.0,1.0,1402.0,,RNCUtranCell,,,,,SUM,3G,,,
3G_UtranCell,3G_UtranCell_pmNoRrcReqDeniedAdm,ericsson,pmNoRrcReqDeniedAdm,UtranCell,20000230,20003080,pmNoRrcReqDeniedAdm,,#,sum,1.0,1.0,1402.0,,RNCUtranCell,,,,,SUM,3G,,,
3G_UtranCell,3G_UtranCell_pmnorrcreqdeniedadmdlchnlcode,ericsson,pmnorrcreqdeniedadmdlchnlcode,UtranCell,20000230,20003081,pmnorrcreqdeniedadmdlchnlcode,,#,sum,1.0,1.0,1402.0,,RNCUtranCell,,,,,SUM,3G,,,
3G_UtranCell,3G_UtranCell_pmnorrcreqdeniedadmdlhw,ericsson,pmnorrcreqdeniedadmdlhw,UtranCell,20000230,20003082,pmnorrcreqdeniedadmdlhw,,#,sum,1.0,1.0,1402.0,,RNCUtranCell,,,,,SUM,3G,,,
3G_UtranCell,3G_UtranCell_pmnorrcreqdeniedadmdlpwr,ericsson,pmnorrcreqdeniedadmdlpwr,UtranCell,20000230,20003083,pmnorrcreqdeniedadmdlpwr,,#,sum,1.0,1.0,1402.0,,RNCUtranCell,,,,,SUM,3G,,,
3G_UtranCell,3G_UtranCell_pmnorrcreqdeniedadmulhw,ericsson,pmnorrcreqdeniedadmulhw,UtranCell,20000230,20003084,pmnorrcreqdeniedadmulhw,,#,sum,1.0,1.0,1402.0,,RNCUtranCell,,,,,SUM,3G,,,
3G_UtranCell,3G_UtranCell_pmNoRrcReqDeniedUeRegFlowCtrl,ericsson,pmNoRrcReqDeniedUeRegFlowCtrl,UtranCell,20000230,20003085,pmNoRrcReqDeniedUeRegFlowCtrl,,#,sum,1.0,1.0,1402.0,,RNCUtranCell,,,,,SUM,3G,,,
3G_UtranCell,3G_UtranCell_pmNoServingCellReqDeniedEul,ericsson,pmNoServingCellReqDeniedEul,UtranCell,20000230,20003086,pmNoServingCellReqDeniedEul,,#,sum,1.0,1.0,1402.0,,RNCUtranCell,,,,,SUM,3G,,,
3G_UtranCell,3G_UtranCell_pmNoSpeechDchDiscAbnorm,ericsson,pmNoSpeechDchDiscAbnorm,UtranCell,20000230,20003088,pmNoSpeechDchDiscAbnorm,,#,sum,1.0,1.0,1402.0,,RNCUtranCell,,,,,SUM,3G,,,
3G_UtranCell,3G_UtranCell_pmNoSpeechDchDiscNormal,ericsson,pmNoSpeechDchDiscNormal,UtranCell,20000230,20003089,pmNoSpeechDchDiscNormal,,#,sum,1.0,1.0,1402.0,,RNCUtranCell,,,,,SUM,3G,,,
3G_UtranCell,3G_UtranCell_pmnosuccrbreconforigpsintdch,ericsson,pmnosuccrbreconforigpsintdch,UtranCell,20000230,20003090,pmnosuccrbreconforigpsintdch,,#,sum,1.0,1.0,1402.0,,RNCUtranCell,,,,,SUM,3G,,,
3G_UtranCell,3G_UtranCell_pmnosuccrbreconforigpsinteul,ericsson,pmnosuccrbreconforigpsinteul,UtranCell,20000230,20003091,pmnosuccrbreconforigpsinteul,,#,sum,1.0,1.0,1402.0,,RNCUtranCell,,,,,SUM,3G,,,
3G_UtranCell,3G_UtranCell_pmnosuccrbreconforigpsinths,ericsson,pmnosuccrbreconforigpsinths,UtranCell,20000230,20003092,pmnosuccrbreconforigpsinths,,#,sum,1.0,1.0,1402.0,,RNCUtranCell,,,,,SUM,3G,,,
3G_UtranCell,3G_UtranCell_pmnosuccrbreconfpsintdch,ericsson,pmnosuccrbreconfpsintdch,UtranCell,20000230,20003093,pmnosuccrbreconfpsintdch,,#,sum,1.0,1.0,1402.0,,RNCUtranCell,,,,,SUM,3G,,,
3G_UtranCell,3G_UtranCell_pmnosuccrbreconfpsinteul,ericsson,pmnosuccrbreconfpsinteul,UtranCell,20000230,20003094,pmnosuccrbreconfpsinteul,,#,sum,1.0,1.0,1402.0,,RNCUtranCell,,,,,SUM,3G,,,
3G_UtranCell,3G_UtranCell_pmnosuccrbreconfpsinths,ericsson,pmnosuccrbreconfpsinths,UtranCell,20000230,20003095,pmnosuccrbreconfpsinths,,#,sum,1.0,1.0,1402.0,,RNCUtranCell,,,,,SUM,3G,,,
3G_UtranCell,3G_UtranCell_pmNoSysRelSpeechNeighbr,ericsson,pmNoSysRelSpeechNeighbr,UtranCell,20000230,20003096,pmNoSysRelSpeechNeighbr,,#,sum,1.0,1.0,1402.0,,RNCUtranCell,,,,,SUM,3G,,,
3G_UtranCell,3G_UtranCell_pmNoSysRelSpeechSoHo,ericsson,pmNoSysRelSpeechSoHo,UtranCell,20000230,20003097,pmNoSysRelSpeechSoHo,,#,sum,1.0,1.0,1402.0,,RNCUtranCell,,,,,SUM,3G,,,
3G_UtranCell,3G_UtranCell_pmNoSysRelSpeechULSynch,ericsson,pmNoSysRelSpeechULSynch,UtranCell,20000230,20003098,pmNoSysRelSpeechULSynch,,#,sum,1.0,1.0,1402.0,,RNCUtranCell,,,,,SUM,3G,,,
3G_UtranCell,3G_UtranCell_pmNoSystemNasSignRelCsfbInd,ericsson,pmNoSystemNasSignRelCsfbInd,UtranCell,20000230,20003099,pmNoSystemNasSignRelCsfbInd,,#,sum,1.0,1.0,1402.0,,RNCUtranCell,,,,,SUM,3G,,,
